"","source.plate","source.row","source.column","destination.plate","destination.row","destination.column","vol.ul"
"1","1","A","1","1","A","1","10"
"2","1","A","4","1","B","1","10"
"3","1","A","7","1","C","1","10"
"4","1","A","10","1","D","1","10"
"5","2","A","1","1","E","1","10"
"6","2","A","4","1","F","1","10"
"7","2","A","7","1","G","1","10"
"8","2","A","10","1","H","1","10"
"9","1","A","1","1","A","2","10"
"10","1","A","4","1","A","2","10"
"11","1","A","1","1","B","2","10"
"12","1","A","7","1","B","2","10"
"13","1","A","1","1","C","2","10"
"14","1","A","10","1","C","2","10"
"15","1","A","1","1","D","2","10"
"16","2","A","1","1","D","2","10"
"17","1","A","1","1","E","2","10"
"18","2","A","4","1","E","2","10"
"19","1","A","1","1","F","2","10"
"20","2","A","7","1","F","2","10"
"21","1","A","1","1","G","2","10"
"22","2","A","10","1","G","2","10"
"23","1","A","4","1","H","2","10"
"24","1","A","7","1","H","2","10"
"25","1","A","4","1","A","3","10"
"26","1","A","10","1","A","3","10"
"27","1","A","4","1","B","3","10"
"28","2","A","1","1","B","3","10"
"29","1","A","4","1","C","3","10"
"30","2","A","4","1","C","3","10"
"31","1","A","4","1","D","3","10"
"32","2","A","7","1","D","3","10"
"33","1","A","4","1","E","3","10"
"34","2","A","10","1","E","3","10"
"35","1","A","7","1","F","3","10"
"36","1","A","10","1","F","3","10"
"37","1","A","7","1","G","3","10"
"38","2","A","1","1","G","3","10"
"39","1","A","7","1","H","3","10"
"40","2","A","4","1","H","3","10"
"41","1","A","7","1","A","4","10"
"42","2","A","7","1","A","4","10"
"43","1","A","7","1","B","4","10"
"44","2","A","10","1","B","4","10"
"45","1","A","10","1","C","4","10"
"46","2","A","1","1","C","4","10"
"47","1","A","10","1","D","4","10"
"48","2","A","4","1","D","4","10"
"49","1","A","10","1","E","4","10"
"50","2","A","7","1","E","4","10"
"51","1","A","10","1","F","4","10"
"52","2","A","10","1","F","4","10"
"53","2","A","1","1","G","4","10"
"54","2","A","4","1","G","4","10"
"55","2","A","1","1","H","4","10"
"56","2","A","7","1","H","4","10"
"57","2","A","1","1","A","5","10"
"58","2","A","10","1","A","5","10"
"59","2","A","4","1","B","5","10"
"60","2","A","7","1","B","5","10"
"61","2","A","4","1","C","5","10"
"62","2","A","10","1","C","5","10"
"63","2","A","7","1","D","5","10"
"64","2","A","10","1","D","5","10"
"65","1","A","1","1","E","5","10"
"66","1","A","4","1","E","5","10"
"67","1","A","7","1","E","5","10"
"68","1","A","1","1","F","5","10"
"69","1","A","4","1","F","5","10"
"70","1","A","10","1","F","5","10"
"71","1","A","1","1","G","5","10"
"72","1","A","4","1","G","5","10"
"73","2","A","1","1","G","5","10"
"74","1","A","1","1","H","5","10"
"75","1","A","4","1","H","5","10"
"76","2","A","4","1","H","5","10"
"77","1","A","1","1","A","6","10"
"78","1","A","4","1","A","6","10"
"79","2","A","7","1","A","6","10"
"80","1","A","1","1","B","6","10"
"81","1","A","4","1","B","6","10"
"82","2","A","10","1","B","6","10"
"83","1","A","1","1","C","6","10"
"84","1","A","7","1","C","6","10"
"85","1","A","10","1","C","6","10"
"86","1","A","1","1","D","6","10"
"87","1","A","7","1","D","6","10"
"88","2","A","1","1","D","6","10"
"89","1","A","1","1","E","6","10"
"90","1","A","7","1","E","6","10"
"91","2","A","4","1","E","6","10"
"92","1","A","1","1","F","6","10"
"93","1","A","7","1","F","6","10"
"94","2","A","7","1","F","6","10"
"95","1","A","1","1","G","6","10"
"96","1","A","7","1","G","6","10"
"97","2","A","10","1","G","6","10"
"98","1","A","1","1","H","6","10"
"99","1","A","10","1","H","6","10"
"100","2","A","1","1","H","6","10"
"101","1","A","1","1","A","7","10"
"102","1","A","10","1","A","7","10"
"103","2","A","4","1","A","7","10"
"104","1","A","1","1","B","7","10"
"105","1","A","10","1","B","7","10"
"106","2","A","7","1","B","7","10"
"107","1","A","1","1","C","7","10"
"108","1","A","10","1","C","7","10"
"109","2","A","10","1","C","7","10"
"110","1","A","1","1","D","7","10"
"111","2","A","1","1","D","7","10"
"112","2","A","4","1","D","7","10"
"113","1","A","1","1","E","7","10"
"114","2","A","1","1","E","7","10"
"115","2","A","7","1","E","7","10"
"116","1","A","1","1","F","7","10"
"117","2","A","1","1","F","7","10"
"118","2","A","10","1","F","7","10"
"119","1","A","1","1","G","7","10"
"120","2","A","4","1","G","7","10"
"121","2","A","7","1","G","7","10"
"122","1","A","1","1","H","7","10"
"123","2","A","4","1","H","7","10"
"124","2","A","10","1","H","7","10"
"125","1","A","1","1","A","8","10"
"126","2","A","7","1","A","8","10"
"127","2","A","10","1","A","8","10"
"128","1","A","4","1","B","8","10"
"129","1","A","7","1","B","8","10"
"130","1","A","10","1","B","8","10"
"131","1","A","4","1","C","8","10"
"132","1","A","7","1","C","8","10"
"133","2","A","1","1","C","8","10"
"134","1","A","4","1","D","8","10"
"135","1","A","7","1","D","8","10"
"136","2","A","4","1","D","8","10"
"137","1","A","4","1","E","8","10"
"138","1","A","7","1","E","8","10"
"139","2","A","7","1","E","8","10"
"140","1","A","4","1","F","8","10"
"141","1","A","7","1","F","8","10"
"142","2","A","10","1","F","8","10"
"143","1","A","4","1","G","8","10"
"144","1","A","10","1","G","8","10"
"145","2","A","1","1","G","8","10"
"146","1","A","4","1","H","8","10"
"147","1","A","10","1","H","8","10"
"148","2","A","4","1","H","8","10"
"149","1","A","4","1","A","9","10"
"150","1","A","10","1","A","9","10"
"151","2","A","7","1","A","9","10"
"152","1","A","4","1","B","9","10"
"153","1","A","10","1","B","9","10"
"154","2","A","10","1","B","9","10"
"155","1","A","4","1","C","9","10"
"156","2","A","1","1","C","9","10"
"157","2","A","4","1","C","9","10"
"158","1","A","4","1","D","9","10"
"159","2","A","1","1","D","9","10"
"160","2","A","7","1","D","9","10"
"161","1","A","4","1","E","9","10"
"162","2","A","1","1","E","9","10"
"163","2","A","10","1","E","9","10"
"164","1","A","4","1","F","9","10"
"165","2","A","4","1","F","9","10"
"166","2","A","7","1","F","9","10"
"167","1","A","4","1","G","9","10"
"168","2","A","4","1","G","9","10"
"169","2","A","10","1","G","9","10"
"170","1","A","4","1","H","9","10"
"171","2","A","7","1","H","9","10"
"172","2","A","10","1","H","9","10"
"173","1","A","7","1","A","10","10"
"174","1","A","10","1","A","10","10"
"175","2","A","1","1","A","10","10"
"176","1","A","7","1","B","10","10"
"177","1","A","10","1","B","10","10"
"178","2","A","4","1","B","10","10"
"179","1","A","7","1","C","10","10"
"180","1","A","10","1","C","10","10"
"181","2","A","7","1","C","10","10"
"182","1","A","7","1","D","10","10"
"183","1","A","10","1","D","10","10"
"184","2","A","10","1","D","10","10"
"185","1","A","7","1","E","10","10"
"186","2","A","1","1","E","10","10"
"187","2","A","4","1","E","10","10"
"188","1","A","7","1","F","10","10"
"189","2","A","1","1","F","10","10"
"190","2","A","7","1","F","10","10"
"191","1","A","7","1","G","10","10"
"192","2","A","1","1","G","10","10"
"193","2","A","10","1","G","10","10"
"194","1","A","7","1","H","10","10"
"195","2","A","4","1","H","10","10"
"196","2","A","7","1","H","10","10"
"197","1","A","7","1","A","11","10"
"198","2","A","4","1","A","11","10"
"199","2","A","10","1","A","11","10"
"200","1","A","7","1","B","11","10"
"201","2","A","7","1","B","11","10"
"202","2","A","10","1","B","11","10"
"203","1","A","10","1","C","11","10"
"204","2","A","1","1","C","11","10"
"205","2","A","4","1","C","11","10"
"206","1","A","10","1","D","11","10"
"207","2","A","1","1","D","11","10"
"208","2","A","7","1","D","11","10"
"209","1","A","10","1","E","11","10"
"210","2","A","1","1","E","11","10"
"211","2","A","10","1","E","11","10"
"212","1","A","10","1","F","11","10"
"213","2","A","4","1","F","11","10"
"214","2","A","7","1","F","11","10"
"215","1","A","10","1","G","11","10"
"216","2","A","4","1","G","11","10"
"217","2","A","10","1","G","11","10"
"218","1","A","10","1","H","11","10"
"219","2","A","7","1","H","11","10"
"220","2","A","10","1","H","11","10"
"221","2","A","1","1","A","12","10"
"222","2","A","4","1","A","12","10"
"223","2","A","7","1","A","12","10"
"224","2","A","1","1","B","12","10"
"225","2","A","4","1","B","12","10"
"226","2","A","10","1","B","12","10"
"227","2","A","1","1","C","12","10"
"228","2","A","7","1","C","12","10"
"229","2","A","10","1","C","12","10"
"230","2","A","4","1","D","12","10"
"231","2","A","7","1","D","12","10"
"232","2","A","10","1","D","12","10"
"233","1","A","1","1","E","12","10"
"234","1","A","4","1","E","12","10"
"235","1","A","7","1","E","12","10"
"236","1","A","10","1","E","12","10"
"237","1","A","1","1","F","12","10"
"238","1","A","4","1","F","12","10"
"239","1","A","7","1","F","12","10"
"240","2","A","1","1","F","12","10"
"241","1","A","1","1","G","12","10"
"242","1","A","4","1","G","12","10"
"243","1","A","7","1","G","12","10"
"244","2","A","4","1","G","12","10"
"245","1","A","1","1","H","12","10"
"246","1","A","4","1","H","12","10"
"247","1","A","7","1","H","12","10"
"248","2","A","7","1","H","12","10"
"249","1","A","1","2","A","1","10"
"250","1","A","4","2","A","1","10"
"251","1","A","7","2","A","1","10"
"252","2","A","10","2","A","1","10"
"253","1","A","1","2","B","1","10"
"254","1","A","4","2","B","1","10"
"255","1","A","10","2","B","1","10"
"256","2","A","1","2","B","1","10"
"257","1","A","1","2","C","1","10"
"258","1","A","4","2","C","1","10"
"259","1","A","10","2","C","1","10"
"260","2","A","4","2","C","1","10"
"261","1","A","1","2","D","1","10"
"262","1","A","4","2","D","1","10"
"263","1","A","10","2","D","1","10"
"264","2","A","7","2","D","1","10"
"265","1","A","1","2","E","1","10"
"266","1","A","4","2","E","1","10"
"267","1","A","10","2","E","1","10"
"268","2","A","10","2","E","1","10"
"269","1","A","1","2","F","1","10"
"270","1","A","4","2","F","1","10"
"271","2","A","1","2","F","1","10"
"272","2","A","4","2","F","1","10"
"273","1","A","1","2","G","1","10"
"274","1","A","4","2","G","1","10"
"275","2","A","1","2","G","1","10"
"276","2","A","7","2","G","1","10"
"277","1","A","1","2","H","1","10"
"278","1","A","4","2","H","1","10"
"279","2","A","1","2","H","1","10"
"280","2","A","10","2","H","1","10"
"281","1","A","1","2","A","2","10"
"282","1","A","4","2","A","2","10"
"283","2","A","4","2","A","2","10"
"284","2","A","7","2","A","2","10"
"285","1","A","1","2","B","2","10"
"286","1","A","4","2","B","2","10"
"287","2","A","4","2","B","2","10"
"288","2","A","10","2","B","2","10"
"289","1","A","1","2","C","2","10"
"290","1","A","4","2","C","2","10"
"291","2","A","7","2","C","2","10"
"292","2","A","10","2","C","2","10"
"293","1","A","1","2","D","2","10"
"294","1","A","7","2","D","2","10"
"295","1","A","10","2","D","2","10"
"296","2","A","1","2","D","2","10"
"297","1","A","1","2","E","2","10"
"298","1","A","7","2","E","2","10"
"299","1","A","10","2","E","2","10"
"300","2","A","4","2","E","2","10"
"301","1","A","1","2","F","2","10"
"302","1","A","7","2","F","2","10"
"303","1","A","10","2","F","2","10"
"304","2","A","7","2","F","2","10"
"305","1","A","1","2","G","2","10"
"306","1","A","7","2","G","2","10"
"307","1","A","10","2","G","2","10"
"308","2","A","10","2","G","2","10"
"309","1","A","1","2","H","2","10"
"310","1","A","7","2","H","2","10"
"311","2","A","1","2","H","2","10"
"312","2","A","4","2","H","2","10"
"313","1","A","1","2","A","3","10"
"314","1","A","7","2","A","3","10"
"315","2","A","1","2","A","3","10"
"316","2","A","7","2","A","3","10"
"317","1","A","1","2","B","3","10"
"318","1","A","7","2","B","3","10"
"319","2","A","1","2","B","3","10"
"320","2","A","10","2","B","3","10"
"321","1","A","1","2","C","3","10"
"322","1","A","7","2","C","3","10"
"323","2","A","4","2","C","3","10"
"324","2","A","7","2","C","3","10"
"325","1","A","1","2","D","3","10"
"326","1","A","7","2","D","3","10"
"327","2","A","4","2","D","3","10"
"328","2","A","10","2","D","3","10"
"329","1","A","1","2","E","3","10"
"330","1","A","7","2","E","3","10"
"331","2","A","7","2","E","3","10"
"332","2","A","10","2","E","3","10"
"333","1","A","1","2","F","3","10"
"334","1","A","10","2","F","3","10"
"335","2","A","1","2","F","3","10"
"336","2","A","4","2","F","3","10"
"337","1","A","1","2","G","3","10"
"338","1","A","10","2","G","3","10"
"339","2","A","1","2","G","3","10"
"340","2","A","7","2","G","3","10"
"341","1","A","1","2","H","3","10"
"342","1","A","10","2","H","3","10"
"343","2","A","1","2","H","3","10"
"344","2","A","10","2","H","3","10"
"345","1","A","1","2","A","4","10"
"346","1","A","10","2","A","4","10"
"347","2","A","4","2","A","4","10"
"348","2","A","7","2","A","4","10"
"349","1","A","1","2","B","4","10"
"350","1","A","10","2","B","4","10"
"351","2","A","4","2","B","4","10"
"352","2","A","10","2","B","4","10"
"353","1","A","1","2","C","4","10"
"354","1","A","10","2","C","4","10"
"355","2","A","7","2","C","4","10"
"356","2","A","10","2","C","4","10"
"357","1","A","1","2","D","4","10"
"358","2","A","1","2","D","4","10"
"359","2","A","4","2","D","4","10"
"360","2","A","7","2","D","4","10"
"361","1","A","1","2","E","4","10"
"362","2","A","1","2","E","4","10"
"363","2","A","4","2","E","4","10"
"364","2","A","10","2","E","4","10"
"365","1","A","1","2","F","4","10"
"366","2","A","1","2","F","4","10"
"367","2","A","7","2","F","4","10"
"368","2","A","10","2","F","4","10"
"369","1","A","1","2","G","4","10"
"370","2","A","4","2","G","4","10"
"371","2","A","7","2","G","4","10"
"372","2","A","10","2","G","4","10"
"373","1","A","4","2","H","4","10"
"374","1","A","7","2","H","4","10"
"375","1","A","10","2","H","4","10"
"376","2","A","1","2","H","4","10"
"377","1","A","4","2","A","5","10"
"378","1","A","7","2","A","5","10"
"379","1","A","10","2","A","5","10"
"380","2","A","4","2","A","5","10"
"381","1","A","4","2","B","5","10"
"382","1","A","7","2","B","5","10"
"383","1","A","10","2","B","5","10"
"384","2","A","7","2","B","5","10"
"385","1","A","4","2","C","5","10"
"386","1","A","7","2","C","5","10"
"387","1","A","10","2","C","5","10"
"388","2","A","10","2","C","5","10"
"389","1","A","4","2","D","5","10"
"390","1","A","7","2","D","5","10"
"391","2","A","1","2","D","5","10"
"392","2","A","4","2","D","5","10"
"393","1","A","4","2","E","5","10"
"394","1","A","7","2","E","5","10"
"395","2","A","1","2","E","5","10"
"396","2","A","7","2","E","5","10"
"397","1","A","4","2","F","5","10"
"398","1","A","7","2","F","5","10"
"399","2","A","1","2","F","5","10"
"400","2","A","10","2","F","5","10"
"401","1","A","4","2","G","5","10"
"402","1","A","7","2","G","5","10"
"403","2","A","4","2","G","5","10"
"404","2","A","7","2","G","5","10"
"405","1","A","4","2","H","5","10"
"406","1","A","7","2","H","5","10"
"407","2","A","4","2","H","5","10"
"408","2","A","10","2","H","5","10"
"409","1","A","4","2","A","6","10"
"410","1","A","7","2","A","6","10"
"411","2","A","7","2","A","6","10"
"412","2","A","10","2","A","6","10"
"413","1","A","4","2","B","6","10"
"414","1","A","10","2","B","6","10"
"415","2","A","1","2","B","6","10"
"416","2","A","4","2","B","6","10"
"417","1","A","4","2","C","6","10"
"418","1","A","10","2","C","6","10"
"419","2","A","1","2","C","6","10"
"420","2","A","7","2","C","6","10"
"421","1","A","4","2","D","6","10"
"422","1","A","10","2","D","6","10"
"423","2","A","1","2","D","6","10"
"424","2","A","10","2","D","6","10"
"425","1","A","4","2","E","6","10"
"426","1","A","10","2","E","6","10"
"427","2","A","4","2","E","6","10"
"428","2","A","7","2","E","6","10"
"429","1","A","4","2","F","6","10"
"430","1","A","10","2","F","6","10"
"431","2","A","4","2","F","6","10"
"432","2","A","10","2","F","6","10"
"433","1","A","4","2","G","6","10"
"434","1","A","10","2","G","6","10"
"435","2","A","7","2","G","6","10"
"436","2","A","10","2","G","6","10"
"437","1","A","4","2","H","6","10"
"438","2","A","1","2","H","6","10"
"439","2","A","4","2","H","6","10"
"440","2","A","7","2","H","6","10"
"441","1","A","4","2","A","7","10"
"442","2","A","1","2","A","7","10"
"443","2","A","4","2","A","7","10"
"444","2","A","10","2","A","7","10"
"445","1","A","4","2","B","7","10"
"446","2","A","1","2","B","7","10"
"447","2","A","7","2","B","7","10"
"448","2","A","10","2","B","7","10"
"449","1","A","4","2","C","7","10"
"450","2","A","4","2","C","7","10"
"451","2","A","7","2","C","7","10"
"452","2","A","10","2","C","7","10"
"453","1","A","7","2","D","7","10"
"454","1","A","10","2","D","7","10"
"455","2","A","1","2","D","7","10"
"456","2","A","4","2","D","7","10"
"457","1","A","7","2","E","7","10"
"458","1","A","10","2","E","7","10"
"459","2","A","1","2","E","7","10"
"460","2","A","7","2","E","7","10"
"461","1","A","7","2","F","7","10"
"462","1","A","10","2","F","7","10"
"463","2","A","1","2","F","7","10"
"464","2","A","10","2","F","7","10"
"465","1","A","7","2","G","7","10"
"466","1","A","10","2","G","7","10"
"467","2","A","4","2","G","7","10"
"468","2","A","7","2","G","7","10"
"469","1","A","7","2","H","7","10"
"470","1","A","10","2","H","7","10"
"471","2","A","4","2","H","7","10"
"472","2","A","10","2","H","7","10"
"473","1","A","7","2","A","8","10"
"474","1","A","10","2","A","8","10"
"475","2","A","7","2","A","8","10"
"476","2","A","10","2","A","8","10"
"477","1","A","7","2","B","8","10"
"478","2","A","1","2","B","8","10"
"479","2","A","4","2","B","8","10"
"480","2","A","7","2","B","8","10"
"481","1","A","7","2","C","8","10"
"482","2","A","1","2","C","8","10"
"483","2","A","4","2","C","8","10"
"484","2","A","10","2","C","8","10"
"485","1","A","7","2","D","8","10"
"486","2","A","1","2","D","8","10"
"487","2","A","7","2","D","8","10"
"488","2","A","10","2","D","8","10"
"489","1","A","7","2","E","8","10"
"490","2","A","4","2","E","8","10"
"491","2","A","7","2","E","8","10"
"492","2","A","10","2","E","8","10"
"493","1","A","10","2","F","8","10"
"494","2","A","1","2","F","8","10"
"495","2","A","4","2","F","8","10"
"496","2","A","7","2","F","8","10"
"497","1","A","10","2","G","8","10"
"498","2","A","1","2","G","8","10"
"499","2","A","4","2","G","8","10"
"500","2","A","10","2","G","8","10"
"501","1","A","10","2","H","8","10"
"502","2","A","1","2","H","8","10"
"503","2","A","7","2","H","8","10"
"504","2","A","10","2","H","8","10"
"505","1","A","10","2","A","9","10"
"506","2","A","4","2","A","9","10"
"507","2","A","7","2","A","9","10"
"508","2","A","10","2","A","9","10"
"509","2","A","1","2","B","9","10"
"510","2","A","4","2","B","9","10"
"511","2","A","7","2","B","9","10"
"512","2","A","10","2","B","9","10"
"513","1","A","1","2","C","9","10"
"514","1","A","4","2","C","9","10"
"515","1","A","7","2","C","9","10"
"516","1","A","10","2","C","9","10"
"517","2","A","1","2","C","9","10"
"518","1","A","1","2","D","9","10"
"519","1","A","4","2","D","9","10"
"520","1","A","7","2","D","9","10"
"521","1","A","10","2","D","9","10"
"522","2","A","4","2","D","9","10"
"523","1","A","1","2","E","9","10"
"524","1","A","4","2","E","9","10"
"525","1","A","7","2","E","9","10"
"526","1","A","10","2","E","9","10"
"527","2","A","7","2","E","9","10"
"528","1","A","1","2","F","9","10"
"529","1","A","4","2","F","9","10"
"530","1","A","7","2","F","9","10"
"531","1","A","10","2","F","9","10"
"532","2","A","10","2","F","9","10"
"533","1","A","1","2","G","9","10"
"534","1","A","4","2","G","9","10"
"535","1","A","7","2","G","9","10"
"536","2","A","1","2","G","9","10"
"537","2","A","4","2","G","9","10"
"538","1","A","1","2","H","9","10"
"539","1","A","4","2","H","9","10"
"540","1","A","7","2","H","9","10"
"541","2","A","1","2","H","9","10"
"542","2","A","7","2","H","9","10"
"543","1","A","1","2","A","10","10"
"544","1","A","4","2","A","10","10"
"545","1","A","7","2","A","10","10"
"546","2","A","1","2","A","10","10"
"547","2","A","10","2","A","10","10"
"548","1","A","1","2","B","10","10"
"549","1","A","4","2","B","10","10"
"550","1","A","7","2","B","10","10"
"551","2","A","4","2","B","10","10"
"552","2","A","7","2","B","10","10"
"553","1","A","1","2","C","10","10"
"554","1","A","4","2","C","10","10"
"555","1","A","7","2","C","10","10"
"556","2","A","4","2","C","10","10"
"557","2","A","10","2","C","10","10"
"558","1","A","1","2","D","10","10"
"559","1","A","4","2","D","10","10"
"560","1","A","7","2","D","10","10"
"561","2","A","7","2","D","10","10"
"562","2","A","10","2","D","10","10"
"563","1","B","1","2","E","10","10"
"564","1","B","4","2","E","10","10"
"565","1","A","10","2","E","10","10"
"566","2","A","1","2","E","10","10"
"567","2","A","4","2","E","10","10"
"568","1","B","1","2","F","10","10"
"569","1","B","4","2","F","10","10"
"570","1","A","10","2","F","10","10"
"571","2","A","1","2","F","10","10"
"572","2","A","7","2","F","10","10"
"573","1","B","1","2","G","10","10"
"574","1","B","4","2","G","10","10"
"575","1","A","10","2","G","10","10"
"576","2","A","1","2","G","10","10"
"577","2","A","10","2","G","10","10"
"578","1","B","1","2","H","10","10"
"579","1","B","4","2","H","10","10"
"580","1","A","10","2","H","10","10"
"581","2","A","4","2","H","10","10"
"582","2","A","7","2","H","10","10"
"583","1","B","1","2","A","11","10"
"584","1","B","4","2","A","11","10"
"585","1","A","10","2","A","11","10"
"586","2","A","4","2","A","11","10"
"587","2","A","10","2","A","11","10"
"588","1","B","1","2","B","11","10"
"589","1","B","4","2","B","11","10"
"590","1","A","10","2","B","11","10"
"591","2","A","7","2","B","11","10"
"592","2","A","10","2","B","11","10"
"593","1","B","1","2","C","11","10"
"594","1","B","4","2","C","11","10"
"595","2","A","1","2","C","11","10"
"596","2","A","4","2","C","11","10"
"597","2","A","7","2","C","11","10"
"598","1","B","1","2","D","11","10"
"599","1","B","4","2","D","11","10"
"600","2","A","1","2","D","11","10"
"601","2","A","4","2","D","11","10"
"602","2","A","10","2","D","11","10"
"603","1","B","1","2","E","11","10"
"604","1","B","4","2","E","11","10"
"605","2","A","1","2","E","11","10"
"606","2","A","7","2","E","11","10"
"607","2","A","10","2","E","11","10"
"608","1","B","1","2","F","11","10"
"609","1","B","4","2","F","11","10"
"610","2","A","4","2","F","11","10"
"611","2","A","7","2","F","11","10"
"612","2","A","10","2","F","11","10"
"613","1","B","1","2","G","11","10"
"614","1","B","7","2","G","11","10"
"615","1","B","10","2","G","11","10"
"616","2","B","1","2","G","11","10"
"617","2","B","4","2","G","11","10"
"618","1","B","1","2","H","11","10"
"619","1","B","7","2","H","11","10"
"620","1","B","10","2","H","11","10"
"621","2","B","1","2","H","11","10"
"622","2","B","7","2","H","11","10"
"623","1","B","1","2","A","12","10"
"624","1","B","7","2","A","12","10"
"625","1","B","10","2","A","12","10"
"626","2","B","1","2","A","12","10"
"627","2","B","10","2","A","12","10"
"628","1","B","1","2","B","12","10"
"629","1","B","7","2","B","12","10"
"630","1","B","10","2","B","12","10"
"631","2","B","4","2","B","12","10"
"632","2","B","7","2","B","12","10"
"633","1","B","1","2","C","12","10"
"634","1","B","7","2","C","12","10"
"635","1","B","10","2","C","12","10"
"636","2","B","4","2","C","12","10"
"637","2","B","10","2","C","12","10"
"638","1","B","1","2","D","12","10"
"639","1","B","7","2","D","12","10"
"640","1","B","10","2","D","12","10"
"641","2","B","7","2","D","12","10"
"642","2","B","10","2","D","12","10"
"643","1","B","1","2","E","12","10"
"644","1","B","7","2","E","12","10"
"645","2","B","1","2","E","12","10"
"646","2","B","4","2","E","12","10"
"647","2","B","7","2","E","12","10"
"648","1","B","1","2","F","12","10"
"649","1","B","7","2","F","12","10"
"650","2","B","1","2","F","12","10"
"651","2","B","4","2","F","12","10"
"652","2","B","10","2","F","12","10"
"653","1","B","1","2","G","12","10"
"654","1","B","7","2","G","12","10"
"655","2","B","1","2","G","12","10"
"656","2","B","7","2","G","12","10"
"657","2","B","10","2","G","12","10"
"658","1","B","1","2","H","12","10"
"659","1","B","7","2","H","12","10"
"660","2","B","4","2","H","12","10"
"661","2","B","7","2","H","12","10"
"662","2","B","10","2","H","12","10"
"663","1","B","1","3","A","1","10"
"664","1","B","10","3","A","1","10"
"665","2","B","1","3","A","1","10"
"666","2","B","4","3","A","1","10"
"667","2","B","7","3","A","1","10"
"668","1","B","1","3","B","1","10"
"669","1","B","10","3","B","1","10"
"670","2","B","1","3","B","1","10"
"671","2","B","4","3","B","1","10"
"672","2","B","10","3","B","1","10"
"673","1","B","1","3","C","1","10"
"674","1","B","10","3","C","1","10"
"675","2","B","1","3","C","1","10"
"676","2","B","7","3","C","1","10"
"677","2","B","10","3","C","1","10"
"678","1","B","1","3","D","1","10"
"679","1","B","10","3","D","1","10"
"680","2","B","4","3","D","1","10"
"681","2","B","7","3","D","1","10"
"682","2","B","10","3","D","1","10"
"683","1","B","1","3","E","1","10"
"684","2","B","1","3","E","1","10"
"685","2","B","4","3","E","1","10"
"686","2","B","7","3","E","1","10"
"687","2","B","10","3","E","1","10"
"688","1","B","4","3","F","1","10"
"689","1","B","7","3","F","1","10"
"690","1","B","10","3","F","1","10"
"691","2","B","1","3","F","1","10"
"692","2","B","4","3","F","1","10"
"693","1","B","4","3","G","1","10"
"694","1","B","7","3","G","1","10"
"695","1","B","10","3","G","1","10"
"696","2","B","1","3","G","1","10"
"697","2","B","7","3","G","1","10"
"698","1","B","4","3","H","1","10"
"699","1","B","7","3","H","1","10"
"700","1","B","10","3","H","1","10"
"701","2","B","1","3","H","1","10"
"702","2","B","10","3","H","1","10"
"703","1","B","4","3","A","2","10"
"704","1","B","7","3","A","2","10"
"705","1","B","10","3","A","2","10"
"706","2","B","4","3","A","2","10"
"707","2","B","7","3","A","2","10"
"708","1","B","4","3","B","2","10"
"709","1","B","7","3","B","2","10"
"710","1","B","10","3","B","2","10"
"711","2","B","4","3","B","2","10"
"712","2","B","10","3","B","2","10"
"713","1","B","4","3","C","2","10"
"714","1","B","7","3","C","2","10"
"715","1","B","10","3","C","2","10"
"716","2","B","7","3","C","2","10"
"717","2","B","10","3","C","2","10"
"718","1","B","4","3","D","2","10"
"719","1","B","7","3","D","2","10"
"720","2","B","1","3","D","2","10"
"721","2","B","4","3","D","2","10"
"722","2","B","7","3","D","2","10"
"723","1","B","4","3","E","2","10"
"724","1","B","7","3","E","2","10"
"725","2","B","1","3","E","2","10"
"726","2","B","4","3","E","2","10"
"727","2","B","10","3","E","2","10"
"728","1","B","4","3","F","2","10"
"729","1","B","7","3","F","2","10"
"730","2","B","1","3","F","2","10"
"731","2","B","7","3","F","2","10"
"732","2","B","10","3","F","2","10"
"733","1","B","4","3","G","2","10"
"734","1","B","7","3","G","2","10"
"735","2","B","4","3","G","2","10"
"736","2","B","7","3","G","2","10"
"737","2","B","10","3","G","2","10"
"738","1","B","4","3","H","2","10"
"739","1","B","10","3","H","2","10"
"740","2","B","1","3","H","2","10"
"741","2","B","4","3","H","2","10"
"742","2","B","7","3","H","2","10"
"743","1","B","4","3","A","3","10"
"744","1","B","10","3","A","3","10"
"745","2","B","1","3","A","3","10"
"746","2","B","4","3","A","3","10"
"747","2","B","10","3","A","3","10"
"748","1","B","4","3","B","3","10"
"749","1","B","10","3","B","3","10"
"750","2","B","1","3","B","3","10"
"751","2","B","7","3","B","3","10"
"752","2","B","10","3","B","3","10"
"753","1","B","4","3","C","3","10"
"754","1","B","10","3","C","3","10"
"755","2","B","4","3","C","3","10"
"756","2","B","7","3","C","3","10"
"757","2","B","10","3","C","3","10"
"758","1","B","4","3","D","3","10"
"759","2","B","1","3","D","3","10"
"760","2","B","4","3","D","3","10"
"761","2","B","7","3","D","3","10"
"762","2","B","10","3","D","3","10"
"763","1","B","7","3","E","3","10"
"764","1","B","10","3","E","3","10"
"765","2","B","1","3","E","3","10"
"766","2","B","4","3","E","3","10"
"767","2","B","7","3","E","3","10"
"768","1","B","7","3","F","3","10"
"769","1","B","10","3","F","3","10"
"770","2","B","1","3","F","3","10"
"771","2","B","4","3","F","3","10"
"772","2","B","10","3","F","3","10"
"773","1","B","7","3","G","3","10"
"774","1","B","10","3","G","3","10"
"775","2","B","1","3","G","3","10"
"776","2","B","7","3","G","3","10"
"777","2","B","10","3","G","3","10"
"778","1","B","7","3","H","3","10"
"779","1","B","10","3","H","3","10"
"780","2","B","4","3","H","3","10"
"781","2","B","7","3","H","3","10"
"782","2","B","10","3","H","3","10"
"783","1","B","7","3","A","4","10"
"784","2","B","1","3","A","4","10"
"785","2","B","4","3","A","4","10"
"786","2","B","7","3","A","4","10"
"787","2","B","10","3","A","4","10"
"788","1","B","10","3","B","4","10"
"789","2","B","1","3","B","4","10"
"790","2","B","4","3","B","4","10"
"791","2","B","7","3","B","4","10"
"792","2","B","10","3","B","4","10"
"793","1","B","1","3","C","4","10"
"794","1","B","4","3","C","4","10"
"795","1","B","7","3","C","4","10"
"796","1","B","10","3","C","4","10"
"797","2","B","1","3","C","4","10"
"798","2","B","4","3","C","4","10"
"799","1","B","1","3","D","4","10"
"800","1","B","4","3","D","4","10"
"801","1","B","7","3","D","4","10"
"802","1","B","10","3","D","4","10"
"803","2","B","1","3","D","4","10"
"804","2","B","7","3","D","4","10"
"805","1","B","1","3","E","4","10"
"806","1","B","4","3","E","4","10"
"807","1","B","7","3","E","4","10"
"808","1","B","10","3","E","4","10"
"809","2","B","1","3","E","4","10"
"810","2","B","10","3","E","4","10"
"811","1","B","1","3","F","4","10"
"812","1","B","4","3","F","4","10"
"813","1","B","7","3","F","4","10"
"814","1","B","10","3","F","4","10"
"815","2","B","4","3","F","4","10"
"816","2","B","7","3","F","4","10"
"817","1","B","1","3","G","4","10"
"818","1","B","4","3","G","4","10"
"819","1","B","7","3","G","4","10"
"820","1","B","10","3","G","4","10"
"821","2","B","4","3","G","4","10"
"822","2","B","10","3","G","4","10"
"823","1","B","1","3","H","4","10"
"824","1","B","4","3","H","4","10"
"825","1","B","7","3","H","4","10"
"826","1","B","10","3","H","4","10"
"827","2","B","7","3","H","4","10"
"828","2","B","10","3","H","4","10"
"829","1","B","1","3","A","5","10"
"830","1","B","4","3","A","5","10"
"831","1","B","7","3","A","5","10"
"832","2","B","1","3","A","5","10"
"833","2","B","4","3","A","5","10"
"834","2","B","7","3","A","5","10"
"835","1","B","1","3","B","5","10"
"836","1","B","4","3","B","5","10"
"837","1","B","7","3","B","5","10"
"838","2","B","1","3","B","5","10"
"839","2","B","4","3","B","5","10"
"840","2","B","10","3","B","5","10"
"841","1","B","1","3","C","5","10"
"842","1","B","4","3","C","5","10"
"843","1","B","7","3","C","5","10"
"844","2","B","1","3","C","5","10"
"845","2","B","7","3","C","5","10"
"846","2","B","10","3","C","5","10"
"847","1","B","1","3","D","5","10"
"848","1","B","4","3","D","5","10"
"849","1","B","7","3","D","5","10"
"850","2","B","4","3","D","5","10"
"851","2","B","7","3","D","5","10"
"852","2","B","10","3","D","5","10"
"853","1","B","1","3","E","5","10"
"854","1","B","4","3","E","5","10"
"855","1","B","10","3","E","5","10"
"856","2","B","1","3","E","5","10"
"857","2","B","4","3","E","5","10"
"858","2","B","7","3","E","5","10"
"859","1","B","1","3","F","5","10"
"860","1","B","4","3","F","5","10"
"861","1","B","10","3","F","5","10"
"862","2","B","1","3","F","5","10"
"863","2","B","4","3","F","5","10"
"864","2","B","10","3","F","5","10"
"865","1","B","1","3","G","5","10"
"866","1","B","4","3","G","5","10"
"867","1","B","10","3","G","5","10"
"868","2","B","1","3","G","5","10"
"869","2","B","7","3","G","5","10"
"870","2","B","10","3","G","5","10"
"871","1","B","1","3","H","5","10"
"872","1","B","4","3","H","5","10"
"873","1","B","10","3","H","5","10"
"874","2","B","4","3","H","5","10"
"875","2","B","7","3","H","5","10"
"876","2","B","10","3","H","5","10"
"877","1","B","1","3","A","6","10"
"878","1","B","4","3","A","6","10"
"879","2","B","1","3","A","6","10"
"880","2","B","4","3","A","6","10"
"881","2","B","7","3","A","6","10"
"882","2","B","10","3","A","6","10"
"883","1","B","1","3","B","6","10"
"884","1","B","7","3","B","6","10"
"885","1","B","10","3","B","6","10"
"886","2","B","1","3","B","6","10"
"887","2","B","4","3","B","6","10"
"888","2","B","7","3","B","6","10"
"889","1","B","1","3","C","6","10"
"890","1","B","7","3","C","6","10"
"891","1","B","10","3","C","6","10"
"892","2","B","1","3","C","6","10"
"893","2","B","4","3","C","6","10"
"894","2","B","10","3","C","6","10"
"895","1","B","1","3","D","6","10"
"896","1","B","7","3","D","6","10"
"897","1","B","10","3","D","6","10"
"898","2","B","1","3","D","6","10"
"899","2","B","7","3","D","6","10"
"900","2","B","10","3","D","6","10"
"901","1","B","1","3","E","6","10"
"902","1","B","7","3","E","6","10"
"903","1","B","10","3","E","6","10"
"904","2","B","4","3","E","6","10"
"905","2","B","7","3","E","6","10"
"906","2","B","10","3","E","6","10"
"907","1","B","1","3","F","6","10"
"908","1","B","7","3","F","6","10"
"909","2","B","1","3","F","6","10"
"910","2","B","4","3","F","6","10"
"911","2","B","7","3","F","6","10"
"912","2","B","10","3","F","6","10"
"913","1","B","1","3","G","6","10"
"914","1","B","10","3","G","6","10"
"915","2","B","1","3","G","6","10"
"916","2","B","4","3","G","6","10"
"917","2","B","7","3","G","6","10"
"918","2","B","10","3","G","6","10"
"919","1","B","4","3","H","6","10"
"920","1","B","7","3","H","6","10"
"921","1","B","10","3","H","6","10"
"922","2","B","1","3","H","6","10"
"923","2","B","4","3","H","6","10"
"924","2","B","7","3","H","6","10"
"925","1","B","4","3","A","7","10"
"926","1","B","7","3","A","7","10"
"927","1","B","10","3","A","7","10"
"928","2","B","1","3","A","7","10"
"929","2","B","4","3","A","7","10"
"930","2","B","10","3","A","7","10"
"931","1","B","4","3","B","7","10"
"932","1","B","7","3","B","7","10"
"933","1","B","10","3","B","7","10"
"934","2","B","1","3","B","7","10"
"935","2","B","7","3","B","7","10"
"936","2","B","10","3","B","7","10"
"937","1","B","4","3","C","7","10"
"938","1","B","7","3","C","7","10"
"939","1","B","10","3","C","7","10"
"940","2","B","4","3","C","7","10"
"941","2","B","7","3","C","7","10"
"942","2","B","10","3","C","7","10"
"943","1","B","4","3","D","7","10"
"944","1","B","7","3","D","7","10"
"945","2","B","1","3","D","7","10"
"946","2","B","4","3","D","7","10"
"947","2","B","7","3","D","7","10"
"948","2","B","10","3","D","7","10"
"949","1","B","4","3","E","7","10"
"950","1","B","10","3","E","7","10"
"951","2","B","1","3","E","7","10"
"952","2","B","4","3","E","7","10"
"953","2","B","7","3","E","7","10"
"954","2","B","10","3","E","7","10"
"955","1","B","7","3","F","7","10"
"956","1","B","10","3","F","7","10"
"957","2","B","1","3","F","7","10"
"958","2","B","4","3","F","7","10"
"959","2","B","7","3","F","7","10"
"960","2","B","10","3","F","7","10"
"961","1","B","1","3","G","7","10"
"962","1","B","4","3","G","7","10"
"963","1","B","7","3","G","7","10"
"964","1","B","10","3","G","7","10"
"965","2","B","1","3","G","7","10"
"966","2","B","4","3","G","7","10"
"967","2","B","7","3","G","7","10"
"968","1","B","1","3","H","7","10"
"969","1","B","4","3","H","7","10"
"970","1","B","7","3","H","7","10"
"971","1","B","10","3","H","7","10"
"972","2","B","1","3","H","7","10"
"973","2","B","4","3","H","7","10"
"974","2","B","10","3","H","7","10"
"975","1","B","1","3","A","8","10"
"976","1","B","4","3","A","8","10"
"977","1","B","7","3","A","8","10"
"978","1","B","10","3","A","8","10"
"979","2","B","1","3","A","8","10"
"980","2","B","7","3","A","8","10"
"981","2","B","10","3","A","8","10"
"982","1","B","1","3","B","8","10"
"983","1","B","4","3","B","8","10"
"984","1","B","7","3","B","8","10"
"985","1","B","10","3","B","8","10"
"986","2","B","4","3","B","8","10"
"987","2","B","7","3","B","8","10"
"988","2","B","10","3","B","8","10"
"989","1","B","1","3","C","8","10"
"990","1","B","4","3","C","8","10"
"991","1","B","7","3","C","8","10"
"992","2","B","1","3","C","8","10"
"993","2","B","4","3","C","8","10"
"994","2","B","7","3","C","8","10"
"995","2","B","10","3","C","8","10"
"996","1","B","1","3","D","8","10"
"997","1","B","4","3","D","8","10"
"998","1","B","10","3","D","8","10"
"999","2","B","1","3","D","8","10"
"1000","2","B","4","3","D","8","10"
"1001","2","B","7","3","D","8","10"
"1002","2","B","10","3","D","8","10"
"1003","1","B","1","3","E","8","10"
"1004","1","B","7","3","E","8","10"
"1005","1","B","10","3","E","8","10"
"1006","2","B","1","3","E","8","10"
"1007","2","B","4","3","E","8","10"
"1008","2","B","7","3","E","8","10"
"1009","2","B","10","3","E","8","10"
"1010","1","B","4","3","F","8","10"
"1011","1","B","7","3","F","8","10"
"1012","1","B","10","3","F","8","10"
"1013","2","B","1","3","F","8","10"
"1014","2","B","4","3","F","8","10"
"1015","2","B","7","3","F","8","10"
"1016","2","B","10","3","F","8","10"
"1017","1","B","1","3","G","8","10"
"1018","1","B","4","3","G","8","10"
"1019","1","B","7","3","G","8","10"
"1020","1","B","10","3","G","8","10"
"1021","2","B","1","3","G","8","10"
"1022","2","B","4","3","G","8","10"
"1023","2","B","7","3","G","8","10"
"1024","2","B","10","3","G","8","10"
"1025","1","B","1","3","H","8","10"
"1026","1","B","4","3","A","9","10"
"1027","1","B","7","3","B","9","10"
"1028","1","B","10","3","C","9","10"
"1029","2","B","1","3","D","9","10"
"1030","2","B","4","3","E","9","10"
"1031","2","B","7","3","F","9","10"
"1032","2","B","10","3","G","9","10"
"1033","1","B","1","3","H","9","10"
"1034","1","B","4","3","H","9","10"
"1035","1","B","1","3","A","10","10"
"1036","1","B","7","3","A","10","10"
"1037","1","B","1","3","B","10","10"
"1038","1","B","10","3","B","10","10"
"1039","1","B","1","3","C","10","10"
"1040","2","B","1","3","C","10","10"
"1041","1","B","1","3","D","10","10"
"1042","2","B","4","3","D","10","10"
"1043","1","B","1","3","E","10","10"
"1044","2","B","7","3","E","10","10"
"1045","1","B","1","3","F","10","10"
"1046","2","B","10","3","F","10","10"
"1047","1","B","4","3","G","10","10"
"1048","1","B","7","3","G","10","10"
"1049","1","B","4","3","H","10","10"
"1050","1","B","10","3","H","10","10"
"1051","1","B","4","3","A","11","10"
"1052","2","B","1","3","A","11","10"
"1053","1","B","4","3","B","11","10"
"1054","2","B","4","3","B","11","10"
"1055","1","B","4","3","C","11","10"
"1056","2","B","7","3","C","11","10"
"1057","1","B","4","3","D","11","10"
"1058","2","B","10","3","D","11","10"
"1059","1","B","7","3","E","11","10"
"1060","1","B","10","3","E","11","10"
"1061","1","B","7","3","F","11","10"
"1062","2","B","1","3","F","11","10"
"1063","1","B","7","3","G","11","10"
"1064","2","B","4","3","G","11","10"
"1065","1","B","7","3","H","11","10"
"1066","2","B","7","3","H","11","10"
"1067","1","B","7","3","A","12","10"
"1068","2","B","10","3","A","12","10"
"1069","1","B","10","3","B","12","10"
"1070","2","B","1","3","B","12","10"
"1071","1","B","10","3","C","12","10"
"1072","2","B","4","3","C","12","10"
"1073","1","B","10","3","D","12","10"
"1074","2","B","7","3","D","12","10"
"1075","1","B","10","3","E","12","10"
"1076","2","B","10","3","E","12","10"
"1077","2","B","1","3","F","12","10"
"1078","2","B","4","3","F","12","10"
"1079","2","B","1","3","G","12","10"
"1080","2","B","7","3","G","12","10"
"1081","2","B","1","3","H","12","10"
"1082","2","B","10","3","H","12","10"
"1083","2","B","4","4","A","1","10"
"1084","2","B","7","4","A","1","10"
"1085","2","B","4","4","B","1","10"
"1086","2","B","10","4","B","1","10"
"1087","2","B","7","4","C","1","10"
"1088","2","B","10","4","C","1","10"
"1089","1","B","1","4","D","1","10"
"1090","1","B","4","4","D","1","10"
"1091","1","B","7","4","D","1","10"
"1092","1","B","1","4","E","1","10"
"1093","1","B","4","4","E","1","10"
"1094","1","B","10","4","E","1","10"
"1095","1","B","1","4","F","1","10"
"1096","1","B","4","4","F","1","10"
"1097","2","B","1","4","F","1","10"
"1098","1","B","1","4","G","1","10"
"1099","1","B","4","4","G","1","10"
"1100","2","B","4","4","G","1","10"
"1101","1","B","1","4","H","1","10"
"1102","1","B","4","4","H","1","10"
"1103","2","B","7","4","H","1","10"
"1104","1","B","1","4","A","2","10"
"1105","1","B","4","4","A","2","10"
"1106","2","B","10","4","A","2","10"
"1107","1","B","1","4","B","2","10"
"1108","1","B","7","4","B","2","10"
"1109","1","B","10","4","B","2","10"
"1110","1","B","1","4","C","2","10"
"1111","1","B","7","4","C","2","10"
"1112","2","B","1","4","C","2","10"
"1113","1","B","1","4","D","2","10"
"1114","1","B","7","4","D","2","10"
"1115","2","B","4","4","D","2","10"
"1116","1","B","1","4","E","2","10"
"1117","1","B","7","4","E","2","10"
"1118","2","B","7","4","E","2","10"
"1119","1","B","1","4","F","2","10"
"1120","1","B","7","4","F","2","10"
"1121","2","B","10","4","F","2","10"
"1122","1","B","1","4","G","2","10"
"1123","1","B","10","4","G","2","10"
"1124","2","B","1","4","G","2","10"
"1125","1","C","1","4","H","2","10"
"1126","1","B","10","4","H","2","10"
"1127","2","B","4","4","H","2","10"
"1128","1","C","1","4","A","3","10"
"1129","1","B","10","4","A","3","10"
"1130","2","B","7","4","A","3","10"
"1131","1","C","1","4","B","3","10"
"1132","1","B","10","4","B","3","10"
"1133","2","B","10","4","B","3","10"
"1134","1","C","1","4","C","3","10"
"1135","2","B","1","4","C","3","10"
"1136","2","B","4","4","C","3","10"
"1137","1","C","1","4","D","3","10"
"1138","2","B","1","4","D","3","10"
"1139","2","B","7","4","D","3","10"
"1140","1","C","1","4","E","3","10"
"1141","2","B","1","4","E","3","10"
"1142","2","B","10","4","E","3","10"
"1143","1","C","1","4","F","3","10"
"1144","2","B","4","4","F","3","10"
"1145","2","B","7","4","F","3","10"
"1146","1","C","1","4","G","3","10"
"1147","2","B","4","4","G","3","10"
"1148","2","B","10","4","G","3","10"
"1149","1","C","1","4","H","3","10"
"1150","2","B","7","4","H","3","10"
"1151","2","B","10","4","H","3","10"
"1152","1","B","4","4","A","4","10"
"1153","1","B","7","4","A","4","10"
"1154","1","B","10","4","A","4","10"
"1155","1","B","4","4","B","4","10"
"1156","1","B","7","4","B","4","10"
"1157","2","B","1","4","B","4","10"
"1158","1","B","4","4","C","4","10"
"1159","1","B","7","4","C","4","10"
"1160","2","B","4","4","C","4","10"
"1161","1","B","4","4","D","4","10"
"1162","1","B","7","4","D","4","10"
"1163","2","B","7","4","D","4","10"
"1164","1","B","4","4","E","4","10"
"1165","1","B","7","4","E","4","10"
"1166","2","B","10","4","E","4","10"
"1167","1","B","4","4","F","4","10"
"1168","1","B","10","4","F","4","10"
"1169","2","B","1","4","F","4","10"
"1170","1","C","4","4","G","4","10"
"1171","1","B","10","4","G","4","10"
"1172","2","B","4","4","G","4","10"
"1173","1","C","4","4","H","4","10"
"1174","1","B","10","4","H","4","10"
"1175","2","B","7","4","H","4","10"
"1176","1","C","4","4","A","5","10"
"1177","1","B","10","4","A","5","10"
"1178","2","B","10","4","A","5","10"
"1179","1","C","4","4","B","5","10"
"1180","2","B","1","4","B","5","10"
"1181","2","B","4","4","B","5","10"
"1182","1","C","4","4","C","5","10"
"1183","2","B","1","4","C","5","10"
"1184","2","B","7","4","C","5","10"
"1185","1","C","4","4","D","5","10"
"1186","2","B","1","4","D","5","10"
"1187","2","B","10","4","D","5","10"
"1188","1","C","4","4","E","5","10"
"1189","2","B","4","4","E","5","10"
"1190","2","B","7","4","E","5","10"
"1191","1","C","4","4","F","5","10"
"1192","2","B","4","4","F","5","10"
"1193","2","B","10","4","F","5","10"
"1194","1","C","4","4","G","5","10"
"1195","2","B","7","4","G","5","10"
"1196","2","B","10","4","G","5","10"
"1197","1","B","7","4","H","5","10"
"1198","1","B","10","4","H","5","10"
"1199","2","B","1","4","H","5","10"
"1200","1","C","7","4","A","6","10"
"1201","1","C","10","4","A","6","10"
"1202","2","B","4","4","A","6","10"
"1203","1","C","7","4","B","6","10"
"1204","1","C","10","4","B","6","10"
"1205","2","B","7","4","B","6","10"
"1206","1","C","7","4","C","6","10"
"1207","1","C","10","4","C","6","10"
"1208","2","B","10","4","C","6","10"
"1209","1","C","7","4","D","6","10"
"1210","2","C","1","4","D","6","10"
"1211","2","C","4","4","D","6","10"
"1212","1","C","7","4","E","6","10"
"1213","2","C","1","4","E","6","10"
"1214","2","C","7","4","E","6","10"
"1215","1","C","7","4","F","6","10"
"1216","2","C","1","4","F","6","10"
"1217","2","C","10","4","F","6","10"
"1218","1","C","7","4","G","6","10"
"1219","2","C","4","4","G","6","10"
"1220","2","C","7","4","G","6","10"
"1221","1","C","7","4","H","6","10"
"1222","2","C","4","4","H","6","10"
"1223","2","C","10","4","H","6","10"
"1224","1","C","7","4","A","7","10"
"1225","2","C","7","4","A","7","10"
"1226","2","C","10","4","A","7","10"
"1227","1","C","10","4","B","7","10"
"1228","2","C","1","4","B","7","10"
"1229","2","C","4","4","B","7","10"
"1230","1","C","10","4","C","7","10"
"1231","2","C","1","4","C","7","10"
"1232","2","C","7","4","C","7","10"
"1233","1","C","10","4","D","7","10"
"1234","2","C","1","4","D","7","10"
"1235","2","C","10","4","D","7","10"
"1236","1","C","10","4","E","7","10"
"1237","2","C","4","4","E","7","10"
"1238","2","C","7","4","E","7","10"
"1239","1","C","10","4","F","7","10"
"1240","2","C","4","4","F","7","10"
"1241","2","C","10","4","F","7","10"
"1242","1","C","10","4","G","7","10"
"1243","2","C","7","4","G","7","10"
"1244","2","C","10","4","G","7","10"
"1245","2","C","1","4","H","7","10"
"1246","2","C","4","4","H","7","10"
"1247","2","C","7","4","H","7","10"
"1248","2","C","1","4","A","8","10"
"1249","2","C","4","4","A","8","10"
"1250","2","C","10","4","A","8","10"
"1251","2","C","1","4","B","8","10"
"1252","2","C","7","4","B","8","10"
"1253","2","C","10","4","B","8","10"
"1254","2","C","4","4","C","8","10"
"1255","2","C","7","4","C","8","10"
"1256","2","C","10","4","C","8","10"
"1257","1","C","1","4","D","8","10"
"1258","1","C","4","4","D","8","10"
"1259","1","C","7","4","D","8","10"
"1260","1","C","10","4","D","8","10"
"1261","1","C","1","4","E","8","10"
"1262","1","C","4","4","E","8","10"
"1263","1","C","7","4","E","8","10"
"1264","2","C","1","4","E","8","10"
"1265","1","C","1","4","F","8","10"
"1266","1","C","4","4","F","8","10"
"1267","1","C","7","4","F","8","10"
"1268","2","C","4","4","F","8","10"
"1269","1","C","1","4","G","8","10"
"1270","1","C","4","4","G","8","10"
"1271","1","C","7","4","G","8","10"
"1272","2","C","7","4","G","8","10"
"1273","1","C","1","4","H","8","10"
"1274","1","C","4","4","H","8","10"
"1275","1","C","7","4","H","8","10"
"1276","2","C","10","4","H","8","10"
"1277","1","C","1","4","A","9","10"
"1278","1","C","4","4","A","9","10"
"1279","1","C","10","4","A","9","10"
"1280","2","C","1","4","A","9","10"
"1281","1","C","1","4","B","9","10"
"1282","1","C","4","4","B","9","10"
"1283","1","C","10","4","B","9","10"
"1284","2","C","4","4","B","9","10"
"1285","1","C","1","4","C","9","10"
"1286","1","C","4","4","C","9","10"
"1287","1","C","10","4","C","9","10"
"1288","2","C","7","4","C","9","10"
"1289","1","C","1","4","D","9","10"
"1290","1","C","4","4","D","9","10"
"1291","1","C","10","4","D","9","10"
"1292","2","C","10","4","D","9","10"
"1293","1","C","1","4","E","9","10"
"1294","1","C","4","4","E","9","10"
"1295","2","C","1","4","E","9","10"
"1296","2","C","4","4","E","9","10"
"1297","1","C","1","4","F","9","10"
"1298","1","C","4","4","F","9","10"
"1299","2","C","1","4","F","9","10"
"1300","2","C","7","4","F","9","10"
"1301","1","C","1","4","G","9","10"
"1302","1","C","4","4","G","9","10"
"1303","2","C","1","4","G","9","10"
"1304","2","C","10","4","G","9","10"
"1305","1","C","1","4","H","9","10"
"1306","1","C","4","4","H","9","10"
"1307","2","C","4","4","H","9","10"
"1308","2","C","7","4","H","9","10"
"1309","1","C","1","4","A","10","10"
"1310","1","C","4","4","A","10","10"
"1311","2","C","4","4","A","10","10"
"1312","2","C","10","4","A","10","10"
"1313","1","C","1","4","B","10","10"
"1314","1","C","4","4","B","10","10"
"1315","2","C","7","4","B","10","10"
"1316","2","C","10","4","B","10","10"
"1317","1","C","1","4","C","10","10"
"1318","1","C","7","4","C","10","10"
"1319","1","C","10","4","C","10","10"
"1320","2","C","1","4","C","10","10"
"1321","1","C","1","4","D","10","10"
"1322","1","C","7","4","D","10","10"
"1323","1","C","10","4","D","10","10"
"1324","2","C","4","4","D","10","10"
"1325","1","C","1","4","E","10","10"
"1326","1","C","7","4","E","10","10"
"1327","1","C","10","4","E","10","10"
"1328","2","C","7","4","E","10","10"
"1329","1","C","1","4","F","10","10"
"1330","1","C","7","4","F","10","10"
"1331","1","C","10","4","F","10","10"
"1332","2","C","10","4","F","10","10"
"1333","1","C","1","4","G","10","10"
"1334","1","C","7","4","G","10","10"
"1335","2","C","1","4","G","10","10"
"1336","2","C","4","4","G","10","10"
"1337","1","C","1","4","H","10","10"
"1338","1","C","7","4","H","10","10"
"1339","2","C","1","4","H","10","10"
"1340","2","C","7","4","H","10","10"
"1341","1","C","1","4","A","11","10"
"1342","1","C","7","4","A","11","10"
"1343","2","C","1","4","A","11","10"
"1344","2","C","10","4","A","11","10"
"1345","1","C","1","4","B","11","10"
"1346","1","C","7","4","B","11","10"
"1347","2","C","4","4","B","11","10"
"1348","2","C","7","4","B","11","10"
"1349","1","C","1","4","C","11","10"
"1350","1","C","7","4","C","11","10"
"1351","2","C","4","4","C","11","10"
"1352","2","C","10","4","C","11","10"
"1353","1","C","1","4","D","11","10"
"1354","1","C","7","4","D","11","10"
"1355","2","C","7","4","D","11","10"
"1356","2","C","10","4","D","11","10"
"1357","1","C","1","4","E","11","10"
"1358","1","C","10","4","E","11","10"
"1359","2","C","1","4","E","11","10"
"1360","2","C","4","4","E","11","10"
"1361","1","C","1","4","F","11","10"
"1362","1","C","10","4","F","11","10"
"1363","2","C","1","4","F","11","10"
"1364","2","C","7","4","F","11","10"
"1365","1","C","1","4","G","11","10"
"1366","1","C","10","4","G","11","10"
"1367","2","C","1","4","G","11","10"
"1368","2","C","10","4","G","11","10"
"1369","1","C","1","4","H","11","10"
"1370","1","C","10","4","H","11","10"
"1371","2","C","4","4","H","11","10"
"1372","2","C","7","4","H","11","10"
"1373","1","C","1","4","A","12","10"
"1374","1","C","10","4","A","12","10"
"1375","2","C","4","4","A","12","10"
"1376","2","C","10","4","A","12","10"
"1377","1","C","1","4","B","12","10"
"1378","1","C","10","4","B","12","10"
"1379","2","C","7","4","B","12","10"
"1380","2","C","10","4","B","12","10"
"1381","1","C","1","4","C","12","10"
"1382","2","C","1","4","C","12","10"
"1383","2","C","4","4","C","12","10"
"1384","2","C","7","4","C","12","10"
"1385","1","C","1","4","D","12","10"
"1386","2","C","1","4","D","12","10"
"1387","2","C","4","4","D","12","10"
"1388","2","C","10","4","D","12","10"
"1389","1","C","1","4","E","12","10"
"1390","2","C","1","4","E","12","10"
"1391","2","C","7","4","E","12","10"
"1392","2","C","10","4","E","12","10"
"1393","1","C","1","4","F","12","10"
"1394","2","C","4","4","F","12","10"
"1395","2","C","7","4","F","12","10"
"1396","2","C","10","4","F","12","10"
"1397","1","C","4","4","G","12","10"
"1398","1","C","7","4","G","12","10"
"1399","1","C","10","4","G","12","10"
"1400","2","C","1","4","G","12","10"
"1401","1","C","4","4","H","12","10"
"1402","1","C","7","4","H","12","10"
"1403","1","C","10","4","H","12","10"
"1404","2","C","4","4","H","12","10"
"1405","1","C","4","5","A","1","10"
"1406","1","C","7","5","A","1","10"
"1407","1","C","10","5","A","1","10"
"1408","2","C","7","5","A","1","10"
"1409","1","C","4","5","B","1","10"
"1410","1","C","7","5","B","1","10"
"1411","1","C","10","5","B","1","10"
"1412","2","C","10","5","B","1","10"
"1413","1","C","4","5","C","1","10"
"1414","1","C","7","5","C","1","10"
"1415","2","C","1","5","C","1","10"
"1416","2","C","4","5","C","1","10"
"1417","1","C","4","5","D","1","10"
"1418","1","C","7","5","D","1","10"
"1419","2","C","1","5","D","1","10"
"1420","2","C","7","5","D","1","10"
"1421","1","C","4","5","E","1","10"
"1422","1","C","7","5","E","1","10"
"1423","2","C","1","5","E","1","10"
"1424","2","C","10","5","E","1","10"
"1425","1","C","4","5","F","1","10"
"1426","1","C","7","5","F","1","10"
"1427","2","C","4","5","F","1","10"
"1428","2","C","7","5","F","1","10"
"1429","1","C","4","5","G","1","10"
"1430","1","C","7","5","G","1","10"
"1431","2","C","4","5","G","1","10"
"1432","2","C","10","5","G","1","10"
"1433","1","C","4","5","H","1","10"
"1434","1","C","7","5","H","1","10"
"1435","2","C","7","5","H","1","10"
"1436","2","C","10","5","H","1","10"
"1437","1","C","4","5","A","2","10"
"1438","1","C","10","5","A","2","10"
"1439","2","C","1","5","A","2","10"
"1440","2","C","4","5","A","2","10"
"1441","1","C","4","5","B","2","10"
"1442","1","C","10","5","B","2","10"
"1443","2","C","1","5","B","2","10"
"1444","2","C","7","5","B","2","10"
"1445","1","C","4","5","C","2","10"
"1446","1","C","10","5","C","2","10"
"1447","2","C","1","5","C","2","10"
"1448","2","C","10","5","C","2","10"
"1449","1","C","4","5","D","2","10"
"1450","1","C","10","5","D","2","10"
"1451","2","C","4","5","D","2","10"
"1452","2","C","7","5","D","2","10"
"1453","1","C","4","5","E","2","10"
"1454","1","C","10","5","E","2","10"
"1455","2","C","4","5","E","2","10"
"1456","2","C","10","5","E","2","10"
"1457","1","C","4","5","F","2","10"
"1458","1","C","10","5","F","2","10"
"1459","2","C","7","5","F","2","10"
"1460","2","C","10","5","F","2","10"
"1461","1","C","4","5","G","2","10"
"1462","2","C","1","5","G","2","10"
"1463","2","C","4","5","G","2","10"
"1464","2","C","7","5","G","2","10"
"1465","1","C","4","5","H","2","10"
"1466","2","C","1","5","H","2","10"
"1467","2","C","4","5","H","2","10"
"1468","2","C","10","5","H","2","10"
"1469","1","C","4","5","A","3","10"
"1470","2","C","1","5","A","3","10"
"1471","2","C","7","5","A","3","10"
"1472","2","C","10","5","A","3","10"
"1473","1","C","4","5","B","3","10"
"1474","2","C","4","5","B","3","10"
"1475","2","C","7","5","B","3","10"
"1476","2","C","10","5","B","3","10"
"1477","1","C","7","5","C","3","10"
"1478","1","C","10","5","C","3","10"
"1479","2","C","1","5","C","3","10"
"1480","2","C","4","5","C","3","10"
"1481","1","C","7","5","D","3","10"
"1482","1","C","10","5","D","3","10"
"1483","2","C","1","5","D","3","10"
"1484","2","C","7","5","D","3","10"
"1485","1","C","7","5","E","3","10"
"1486","1","C","10","5","E","3","10"
"1487","2","C","1","5","E","3","10"
"1488","2","C","10","5","E","3","10"
"1489","1","C","7","5","F","3","10"
"1490","1","C","10","5","F","3","10"
"1491","2","C","4","5","F","3","10"
"1492","2","C","7","5","F","3","10"
"1493","1","C","7","5","G","3","10"
"1494","1","C","10","5","G","3","10"
"1495","2","C","4","5","G","3","10"
"1496","2","C","10","5","G","3","10"
"1497","1","C","7","5","H","3","10"
"1498","1","C","10","5","H","3","10"
"1499","2","C","7","5","H","3","10"
"1500","2","C","10","5","H","3","10"
"1501","1","C","7","5","A","4","10"
"1502","2","C","1","5","A","4","10"
"1503","2","C","4","5","A","4","10"
"1504","2","C","7","5","A","4","10"
"1505","1","C","7","5","B","4","10"
"1506","2","C","1","5","B","4","10"
"1507","2","C","4","5","B","4","10"
"1508","2","C","10","5","B","4","10"
"1509","1","C","7","5","C","4","10"
"1510","2","C","1","5","C","4","10"
"1511","2","C","7","5","C","4","10"
"1512","2","C","10","5","C","4","10"
"1513","1","C","7","5","D","4","10"
"1514","2","C","4","5","D","4","10"
"1515","2","C","7","5","D","4","10"
"1516","2","C","10","5","D","4","10"
"1517","1","C","10","5","E","4","10"
"1518","2","C","1","5","E","4","10"
"1519","2","C","4","5","E","4","10"
"1520","2","C","7","5","E","4","10"
"1521","1","C","10","5","F","4","10"
"1522","2","C","1","5","F","4","10"
"1523","2","C","4","5","F","4","10"
"1524","2","C","10","5","F","4","10"
"1525","1","C","10","5","G","4","10"
"1526","2","C","1","5","G","4","10"
"1527","2","C","7","5","G","4","10"
"1528","2","C","10","5","G","4","10"
"1529","1","C","10","5","H","4","10"
"1530","2","C","4","5","H","4","10"
"1531","2","C","7","5","H","4","10"
"1532","2","C","10","5","H","4","10"
"1533","2","C","1","5","A","5","10"
"1534","2","C","4","5","A","5","10"
"1535","2","C","7","5","A","5","10"
"1536","2","C","10","5","A","5","10"
"1537","1","C","1","5","B","5","10"
"1538","1","C","4","5","B","5","10"
"1539","1","C","7","5","B","5","10"
"1540","1","C","10","5","B","5","10"
"1541","2","C","1","5","B","5","10"
"1542","1","C","1","5","C","5","10"
"1543","1","C","4","5","C","5","10"
"1544","1","C","7","5","C","5","10"
"1545","1","C","10","5","C","5","10"
"1546","2","C","4","5","C","5","10"
"1547","1","C","1","5","D","5","10"
"1548","1","C","4","5","D","5","10"
"1549","1","C","7","5","D","5","10"
"1550","1","C","10","5","D","5","10"
"1551","2","C","7","5","D","5","10"
"1552","1","C","1","5","E","5","10"
"1553","1","C","4","5","E","5","10"
"1554","1","C","7","5","E","5","10"
"1555","1","C","10","5","E","5","10"
"1556","2","C","10","5","E","5","10"
"1557","1","C","1","5","F","5","10"
"1558","1","C","4","5","F","5","10"
"1559","1","C","7","5","F","5","10"
"1560","2","C","1","5","F","5","10"
"1561","2","C","4","5","F","5","10"
"1562","1","C","1","5","G","5","10"
"1563","1","C","4","5","G","5","10"
"1564","1","C","7","5","G","5","10"
"1565","2","C","1","5","G","5","10"
"1566","2","C","7","5","G","5","10"
"1567","1","C","1","5","H","5","10"
"1568","1","C","4","5","H","5","10"
"1569","1","C","7","5","H","5","10"
"1570","2","C","1","5","H","5","10"
"1571","2","C","10","5","H","5","10"
"1572","1","C","1","5","A","6","10"
"1573","1","C","4","5","A","6","10"
"1574","1","C","7","5","A","6","10"
"1575","2","C","4","5","A","6","10"
"1576","2","C","7","5","A","6","10"
"1577","1","C","1","5","B","6","10"
"1578","1","C","4","5","B","6","10"
"1579","1","C","7","5","B","6","10"
"1580","2","C","4","5","B","6","10"
"1581","2","C","10","5","B","6","10"
"1582","1","C","1","5","C","6","10"
"1583","1","C","4","5","C","6","10"
"1584","1","C","7","5","C","6","10"
"1585","2","C","7","5","C","6","10"
"1586","2","C","10","5","C","6","10"
"1587","1","C","1","5","D","6","10"
"1588","1","C","4","5","D","6","10"
"1589","1","C","10","5","D","6","10"
"1590","2","C","1","5","D","6","10"
"1591","2","C","4","5","D","6","10"
"1592","1","C","1","5","E","6","10"
"1593","1","C","4","5","E","6","10"
"1594","1","C","10","5","E","6","10"
"1595","2","C","1","5","E","6","10"
"1596","2","C","7","5","E","6","10"
"1597","1","C","1","5","F","6","10"
"1598","1","C","4","5","F","6","10"
"1599","1","C","10","5","F","6","10"
"1600","2","C","1","5","F","6","10"
"1601","2","C","10","5","F","6","10"
"1602","1","C","1","5","G","6","10"
"1603","1","C","4","5","G","6","10"
"1604","1","C","10","5","G","6","10"
"1605","2","C","4","5","G","6","10"
"1606","2","C","7","5","G","6","10"
"1607","1","C","1","5","H","6","10"
"1608","1","C","4","5","H","6","10"
"1609","1","C","10","5","H","6","10"
"1610","2","C","4","5","H","6","10"
"1611","2","C","10","5","H","6","10"
"1612","1","C","1","5","A","7","10"
"1613","1","C","4","5","A","7","10"
"1614","1","C","10","5","A","7","10"
"1615","2","C","7","5","A","7","10"
"1616","2","C","10","5","A","7","10"
"1617","1","C","1","5","B","7","10"
"1618","1","C","4","5","B","7","10"
"1619","2","C","1","5","B","7","10"
"1620","2","C","4","5","B","7","10"
"1621","2","C","7","5","B","7","10"
"1622","1","C","1","5","C","7","10"
"1623","1","C","4","5","C","7","10"
"1624","2","C","1","5","C","7","10"
"1625","2","C","4","5","C","7","10"
"1626","2","C","10","5","C","7","10"
"1627","1","C","1","5","D","7","10"
"1628","1","C","4","5","D","7","10"
"1629","2","C","1","5","D","7","10"
"1630","2","C","7","5","D","7","10"
"1631","2","C","10","5","D","7","10"
"1632","1","C","1","5","E","7","10"
"1633","1","C","4","5","E","7","10"
"1634","2","C","4","5","E","7","10"
"1635","2","C","7","5","E","7","10"
"1636","2","C","10","5","E","7","10"
"1637","1","C","1","5","F","7","10"
"1638","1","C","7","5","F","7","10"
"1639","1","C","10","5","F","7","10"
"1640","2","C","1","5","F","7","10"
"1641","2","C","4","5","F","7","10"
"1642","1","C","1","5","G","7","10"
"1643","1","C","7","5","G","7","10"
"1644","1","C","10","5","G","7","10"
"1645","2","C","1","5","G","7","10"
"1646","2","C","7","5","G","7","10"
"1647","1","C","1","5","H","7","10"
"1648","1","C","7","5","H","7","10"
"1649","1","C","10","5","H","7","10"
"1650","2","C","1","5","H","7","10"
"1651","2","C","10","5","H","7","10"
"1652","1","C","1","5","A","8","10"
"1653","1","C","7","5","A","8","10"
"1654","1","C","10","5","A","8","10"
"1655","2","C","4","5","A","8","10"
"1656","2","C","7","5","A","8","10"
"1657","1","C","1","5","B","8","10"
"1658","1","C","7","5","B","8","10"
"1659","1","C","10","5","B","8","10"
"1660","2","C","4","5","B","8","10"
"1661","2","C","10","5","B","8","10"
"1662","1","C","1","5","C","8","10"
"1663","1","C","7","5","C","8","10"
"1664","1","C","10","5","C","8","10"
"1665","2","C","7","5","C","8","10"
"1666","2","C","10","5","C","8","10"
"1667","1","C","1","5","D","8","10"
"1668","1","C","7","5","D","8","10"
"1669","2","C","1","5","D","8","10"
"1670","2","C","4","5","D","8","10"
"1671","2","C","7","5","D","8","10"
"1672","1","C","1","5","E","8","10"
"1673","1","C","7","5","E","8","10"
"1674","2","C","1","5","E","8","10"
"1675","2","C","4","5","E","8","10"
"1676","2","C","10","5","E","8","10"
"1677","1","C","1","5","F","8","10"
"1678","1","C","7","5","F","8","10"
"1679","2","C","1","5","F","8","10"
"1680","2","C","7","5","F","8","10"
"1681","2","C","10","5","F","8","10"
"1682","1","C","1","5","G","8","10"
"1683","1","C","7","5","G","8","10"
"1684","2","C","4","5","G","8","10"
"1685","2","C","7","5","G","8","10"
"1686","2","C","10","5","G","8","10"
"1687","1","D","1","5","H","8","10"
"1688","1","C","10","5","H","8","10"
"1689","2","C","1","5","H","8","10"
"1690","2","C","4","5","H","8","10"
"1691","2","C","7","5","H","8","10"
"1692","1","D","1","5","A","9","10"
"1693","1","C","10","5","A","9","10"
"1694","2","C","1","5","A","9","10"
"1695","2","C","4","5","A","9","10"
"1696","2","C","10","5","A","9","10"
"1697","1","D","1","5","B","9","10"
"1698","1","C","10","5","B","9","10"
"1699","2","C","1","5","B","9","10"
"1700","2","C","7","5","B","9","10"
"1701","2","C","10","5","B","9","10"
"1702","1","D","1","5","C","9","10"
"1703","1","C","10","5","C","9","10"
"1704","2","C","4","5","C","9","10"
"1705","2","C","7","5","C","9","10"
"1706","2","C","10","5","C","9","10"
"1707","1","D","1","5","D","9","10"
"1708","2","C","1","5","D","9","10"
"1709","2","C","4","5","D","9","10"
"1710","2","C","7","5","D","9","10"
"1711","2","C","10","5","D","9","10"
"1712","1","C","4","5","E","9","10"
"1713","1","C","7","5","E","9","10"
"1714","1","C","10","5","E","9","10"
"1715","2","C","1","5","E","9","10"
"1716","2","C","4","5","E","9","10"
"1717","1","C","4","5","F","9","10"
"1718","1","C","7","5","F","9","10"
"1719","1","C","10","5","F","9","10"
"1720","2","C","1","5","F","9","10"
"1721","2","C","7","5","F","9","10"
"1722","1","C","4","5","G","9","10"
"1723","1","C","7","5","G","9","10"
"1724","1","C","10","5","G","9","10"
"1725","2","C","1","5","G","9","10"
"1726","2","C","10","5","G","9","10"
"1727","1","C","4","5","H","9","10"
"1728","1","C","7","5","H","9","10"
"1729","1","C","10","5","H","9","10"
"1730","2","C","4","5","H","9","10"
"1731","2","C","7","5","H","9","10"
"1732","1","C","4","5","A","10","10"
"1733","1","C","7","5","A","10","10"
"1734","1","C","10","5","A","10","10"
"1735","2","C","4","5","A","10","10"
"1736","2","C","10","5","A","10","10"
"1737","1","C","4","5","B","10","10"
"1738","1","C","7","5","B","10","10"
"1739","1","C","10","5","B","10","10"
"1740","2","C","7","5","B","10","10"
"1741","2","C","10","5","B","10","10"
"1742","1","C","4","5","C","10","10"
"1743","1","C","7","5","C","10","10"
"1744","2","C","1","5","C","10","10"
"1745","2","C","4","5","C","10","10"
"1746","2","C","7","5","C","10","10"
"1747","1","C","4","5","D","10","10"
"1748","1","C","7","5","D","10","10"
"1749","2","C","1","5","D","10","10"
"1750","2","C","4","5","D","10","10"
"1751","2","C","10","5","D","10","10"
"1752","1","C","4","5","E","10","10"
"1753","1","C","7","5","E","10","10"
"1754","2","C","1","5","E","10","10"
"1755","2","C","7","5","E","10","10"
"1756","2","C","10","5","E","10","10"
"1757","1","C","4","5","F","10","10"
"1758","1","C","7","5","F","10","10"
"1759","2","C","4","5","F","10","10"
"1760","2","C","7","5","F","10","10"
"1761","2","C","10","5","F","10","10"
"1762","1","D","4","5","G","10","10"
"1763","1","C","10","5","G","10","10"
"1764","2","C","1","5","G","10","10"
"1765","2","C","4","5","G","10","10"
"1766","2","C","7","5","G","10","10"
"1767","1","D","4","5","H","10","10"
"1768","1","C","10","5","H","10","10"
"1769","2","C","1","5","H","10","10"
"1770","2","C","4","5","H","10","10"
"1771","2","C","10","5","H","10","10"
"1772","1","D","4","5","A","11","10"
"1773","1","C","10","5","A","11","10"
"1774","2","C","1","5","A","11","10"
"1775","2","C","7","5","A","11","10"
"1776","2","C","10","5","A","11","10"
"1777","1","D","4","5","B","11","10"
"1778","1","C","10","5","B","11","10"
"1779","2","C","4","5","B","11","10"
"1780","2","C","7","5","B","11","10"
"1781","2","C","10","5","B","11","10"
"1782","1","D","4","5","C","11","10"
"1783","2","C","1","5","C","11","10"
"1784","2","C","4","5","C","11","10"
"1785","2","C","7","5","C","11","10"
"1786","2","C","10","5","C","11","10"
"1787","1","D","7","5","D","11","10"
"1788","1","D","10","5","D","11","10"
"1789","2","D","1","5","D","11","10"
"1790","2","D","4","5","D","11","10"
"1791","2","D","7","5","D","11","10"
"1792","1","D","7","5","E","11","10"
"1793","1","D","10","5","E","11","10"
"1794","2","D","1","5","E","11","10"
"1795","2","D","4","5","E","11","10"
"1796","2","D","10","5","E","11","10"
"1797","1","D","7","5","F","11","10"
"1798","1","D","10","5","F","11","10"
"1799","2","D","1","5","F","11","10"
"1800","2","D","7","5","F","11","10"
"1801","2","D","10","5","F","11","10"
"1802","1","D","7","5","G","11","10"
"1803","1","D","10","5","G","11","10"
"1804","2","D","4","5","G","11","10"
"1805","2","D","7","5","G","11","10"
"1806","2","D","10","5","G","11","10"
"1807","1","D","7","5","H","11","10"
"1808","2","D","1","5","H","11","10"
"1809","2","D","4","5","H","11","10"
"1810","2","D","7","5","H","11","10"
"1811","2","D","10","5","H","11","10"
"1812","1","D","10","5","A","12","10"
"1813","2","D","1","5","A","12","10"
"1814","2","D","4","5","A","12","10"
"1815","2","D","7","5","A","12","10"
"1816","2","D","10","5","A","12","10"
"1817","1","D","1","5","B","12","10"
"1818","1","D","4","5","B","12","10"
"1819","1","D","7","5","B","12","10"
"1820","1","D","10","5","B","12","10"
"1821","2","D","1","5","B","12","10"
"1822","2","D","4","5","B","12","10"
"1823","1","D","1","5","C","12","10"
"1824","1","D","4","5","C","12","10"
"1825","1","D","7","5","C","12","10"
"1826","1","D","10","5","C","12","10"
"1827","2","D","1","5","C","12","10"
"1828","2","D","7","5","C","12","10"
"1829","1","D","1","5","D","12","10"
"1830","1","D","4","5","D","12","10"
"1831","1","D","7","5","D","12","10"
"1832","1","D","10","5","D","12","10"
"1833","2","D","1","5","D","12","10"
"1834","2","D","10","5","D","12","10"
"1835","1","D","1","5","E","12","10"
"1836","1","D","4","5","E","12","10"
"1837","1","D","7","5","E","12","10"
"1838","1","D","10","5","E","12","10"
"1839","2","D","4","5","E","12","10"
"1840","2","D","7","5","E","12","10"
"1841","1","D","1","5","F","12","10"
"1842","1","D","4","5","F","12","10"
"1843","1","D","7","5","F","12","10"
"1844","1","D","10","5","F","12","10"
"1845","2","D","4","5","F","12","10"
"1846","2","D","10","5","F","12","10"
"1847","1","D","1","5","G","12","10"
"1848","1","D","4","5","G","12","10"
"1849","1","D","7","5","G","12","10"
"1850","1","D","10","5","G","12","10"
"1851","2","D","7","5","G","12","10"
"1852","2","D","10","5","G","12","10"
"1853","1","D","1","5","H","12","10"
"1854","1","D","4","5","H","12","10"
"1855","1","D","7","5","H","12","10"
"1856","2","D","1","5","H","12","10"
"1857","2","D","4","5","H","12","10"
"1858","2","D","7","5","H","12","10"
"1859","1","D","1","6","A","1","10"
"1860","1","D","4","6","A","1","10"
"1861","1","D","7","6","A","1","10"
"1862","2","D","1","6","A","1","10"
"1863","2","D","4","6","A","1","10"
"1864","2","D","10","6","A","1","10"
"1865","1","D","1","6","B","1","10"
"1866","1","D","4","6","B","1","10"
"1867","1","D","7","6","B","1","10"
"1868","2","D","1","6","B","1","10"
"1869","2","D","7","6","B","1","10"
"1870","2","D","10","6","B","1","10"
"1871","1","D","1","6","C","1","10"
"1872","1","D","4","6","C","1","10"
"1873","1","D","7","6","C","1","10"
"1874","2","D","4","6","C","1","10"
"1875","2","D","7","6","C","1","10"
"1876","2","D","10","6","C","1","10"
"1877","1","D","1","6","D","1","10"
"1878","1","D","4","6","D","1","10"
"1879","1","D","10","6","D","1","10"
"1880","2","D","1","6","D","1","10"
"1881","2","D","4","6","D","1","10"
"1882","2","D","7","6","D","1","10"
"1883","1","D","1","6","E","1","10"
"1884","1","D","4","6","E","1","10"
"1885","1","D","10","6","E","1","10"
"1886","2","D","1","6","E","1","10"
"1887","2","D","4","6","E","1","10"
"1888","2","D","10","6","E","1","10"
"1889","1","D","1","6","F","1","10"
"1890","1","D","4","6","F","1","10"
"1891","1","D","10","6","F","1","10"
"1892","2","D","1","6","F","1","10"
"1893","2","D","7","6","F","1","10"
"1894","2","D","10","6","F","1","10"
"1895","1","D","1","6","G","1","10"
"1896","1","D","4","6","G","1","10"
"1897","1","D","10","6","G","1","10"
"1898","2","D","4","6","G","1","10"
"1899","2","D","7","6","G","1","10"
"1900","2","D","10","6","G","1","10"
"1901","1","D","1","6","H","1","10"
"1902","1","D","4","6","H","1","10"
"1903","2","D","1","6","H","1","10"
"1904","2","D","4","6","H","1","10"
"1905","2","D","7","6","H","1","10"
"1906","2","D","10","6","H","1","10"
"1907","1","D","1","6","A","2","10"
"1908","1","D","7","6","A","2","10"
"1909","1","D","10","6","A","2","10"
"1910","2","D","1","6","A","2","10"
"1911","2","D","4","6","A","2","10"
"1912","2","D","7","6","A","2","10"
"1913","1","D","1","6","B","2","10"
"1914","1","D","7","6","B","2","10"
"1915","1","D","10","6","B","2","10"
"1916","2","D","1","6","B","2","10"
"1917","2","D","4","6","B","2","10"
"1918","2","D","10","6","B","2","10"
"1919","1","D","1","6","C","2","10"
"1920","1","D","7","6","C","2","10"
"1921","1","D","10","6","C","2","10"
"1922","2","D","1","6","C","2","10"
"1923","2","D","7","6","C","2","10"
"1924","2","D","10","6","C","2","10"
"1925","1","D","1","6","D","2","10"
"1926","1","D","7","6","D","2","10"
"1927","1","D","10","6","D","2","10"
"1928","2","D","4","6","D","2","10"
"1929","2","D","7","6","D","2","10"
"1930","2","D","10","6","D","2","10"
"1931","1","D","1","6","E","2","10"
"1932","1","D","7","6","E","2","10"
"1933","2","D","1","6","E","2","10"
"1934","2","D","4","6","E","2","10"
"1935","2","D","7","6","E","2","10"
"1936","2","D","10","6","E","2","10"
"1937","1","D","1","6","F","2","10"
"1938","1","D","10","6","F","2","10"
"1939","2","D","1","6","F","2","10"
"1940","2","D","4","6","F","2","10"
"1941","2","D","7","6","F","2","10"
"1942","2","D","10","6","F","2","10"
"1943","1","D","4","6","G","2","10"
"1944","1","D","7","6","G","2","10"
"1945","1","D","10","6","G","2","10"
"1946","2","D","1","6","G","2","10"
"1947","2","D","4","6","G","2","10"
"1948","2","D","7","6","G","2","10"
"1949","1","D","4","6","H","2","10"
"1950","1","D","7","6","H","2","10"
"1951","1","D","10","6","H","2","10"
"1952","2","D","1","6","H","2","10"
"1953","2","D","4","6","H","2","10"
"1954","2","D","10","6","H","2","10"
"1955","1","D","4","6","A","3","10"
"1956","1","D","7","6","A","3","10"
"1957","1","D","10","6","A","3","10"
"1958","2","D","1","6","A","3","10"
"1959","2","D","7","6","A","3","10"
"1960","2","D","10","6","A","3","10"
"1961","1","D","4","6","B","3","10"
"1962","1","D","7","6","B","3","10"
"1963","1","D","10","6","B","3","10"
"1964","2","D","4","6","B","3","10"
"1965","2","D","7","6","B","3","10"
"1966","2","D","10","6","B","3","10"
"1967","1","D","4","6","C","3","10"
"1968","1","D","7","6","C","3","10"
"1969","2","D","1","6","C","3","10"
"1970","2","D","4","6","C","3","10"
"1971","2","D","7","6","C","3","10"
"1972","2","D","10","6","C","3","10"
"1973","1","D","4","6","D","3","10"
"1974","1","D","10","6","D","3","10"
"1975","2","D","1","6","D","3","10"
"1976","2","D","4","6","D","3","10"
"1977","2","D","7","6","D","3","10"
"1978","2","D","10","6","D","3","10"
"1979","1","D","7","6","E","3","10"
"1980","1","D","10","6","E","3","10"
"1981","2","D","1","6","E","3","10"
"1982","2","D","4","6","E","3","10"
"1983","2","D","7","6","E","3","10"
"1984","2","D","10","6","E","3","10"
"1985","1","D","1","6","F","3","10"
"1986","1","D","4","6","F","3","10"
"1987","1","D","7","6","F","3","10"
"1988","1","D","10","6","F","3","10"
"1989","2","D","1","6","F","3","10"
"1990","2","D","4","6","F","3","10"
"1991","2","D","7","6","F","3","10"
"1992","1","D","1","6","G","3","10"
"1993","1","D","4","6","G","3","10"
"1994","1","D","7","6","G","3","10"
"1995","1","D","10","6","G","3","10"
"1996","2","D","1","6","G","3","10"
"1997","2","D","4","6","G","3","10"
"1998","2","D","10","6","G","3","10"
"1999","1","D","1","6","H","3","10"
"2000","1","D","4","6","H","3","10"
"2001","1","D","7","6","H","3","10"
"2002","1","D","10","6","H","3","10"
"2003","2","D","1","6","H","3","10"
"2004","2","D","7","6","H","3","10"
"2005","2","D","10","6","H","3","10"
"2006","1","D","1","6","A","4","10"
"2007","1","D","4","6","A","4","10"
"2008","1","D","7","6","A","4","10"
"2009","1","D","10","6","A","4","10"
"2010","2","D","4","6","A","4","10"
"2011","2","D","7","6","A","4","10"
"2012","2","D","10","6","A","4","10"
"2013","1","D","1","6","B","4","10"
"2014","1","D","4","6","B","4","10"
"2015","1","D","7","6","B","4","10"
"2016","2","D","1","6","B","4","10"
"2017","2","D","4","6","B","4","10"
"2018","2","D","7","6","B","4","10"
"2019","2","D","10","6","B","4","10"
"2020","1","D","1","6","C","4","10"
"2021","1","D","4","6","C","4","10"
"2022","1","D","10","6","C","4","10"
"2023","2","D","1","6","C","4","10"
"2024","2","D","4","6","C","4","10"
"2025","2","D","7","6","C","4","10"
"2026","2","D","10","6","C","4","10"
"2027","1","D","1","6","D","4","10"
"2028","1","D","7","6","D","4","10"
"2029","1","D","10","6","D","4","10"
"2030","2","D","1","6","D","4","10"
"2031","2","D","4","6","D","4","10"
"2032","2","D","7","6","D","4","10"
"2033","2","D","10","6","D","4","10"
"2034","1","D","4","6","E","4","10"
"2035","1","D","7","6","E","4","10"
"2036","1","D","10","6","E","4","10"
"2037","2","D","1","6","E","4","10"
"2038","2","D","4","6","E","4","10"
"2039","2","D","7","6","E","4","10"
"2040","2","D","10","6","E","4","10"
"2041","1","D","1","6","F","4","10"
"2042","1","D","4","6","F","4","10"
"2043","1","D","7","6","F","4","10"
"2044","1","D","10","6","F","4","10"
"2045","2","D","1","6","F","4","10"
"2046","2","D","4","6","F","4","10"
"2047","2","D","7","6","F","4","10"
"2048","2","D","10","6","F","4","10"
"2049","1","D","1","6","G","4","10"
"2050","1","D","4","6","H","4","10"
"2051","1","D","7","6","A","5","10"
"2052","1","D","10","6","B","5","10"
"2053","2","D","1","6","C","5","10"
"2054","2","D","4","6","D","5","10"
"2055","2","D","7","6","E","5","10"
"2056","2","D","10","6","F","5","10"
"2057","1","D","1","6","G","5","10"
"2058","1","D","4","6","G","5","10"
"2059","1","D","1","6","H","5","10"
"2060","1","D","7","6","H","5","10"
"2061","1","D","1","6","A","6","10"
"2062","1","D","10","6","A","6","10"
"2063","1","D","1","6","B","6","10"
"2064","2","D","1","6","B","6","10"
"2065","1","D","1","6","C","6","10"
"2066","2","D","4","6","C","6","10"
"2067","1","D","1","6","D","6","10"
"2068","2","D","7","6","D","6","10"
"2069","1","D","1","6","E","6","10"
"2070","2","D","10","6","E","6","10"
"2071","1","D","4","6","F","6","10"
"2072","1","D","7","6","F","6","10"
"2073","1","D","4","6","G","6","10"
"2074","1","D","10","6","G","6","10"
"2075","1","D","4","6","H","6","10"
"2076","2","D","1","6","H","6","10"
"2077","1","D","4","6","A","7","10"
"2078","2","D","4","6","A","7","10"
"2079","1","D","4","6","B","7","10"
"2080","2","D","7","6","B","7","10"
"2081","1","D","4","6","C","7","10"
"2082","2","D","10","6","C","7","10"
"2083","1","D","7","6","D","7","10"
"2084","1","D","10","6","D","7","10"
"2085","1","D","7","6","E","7","10"
"2086","2","D","1","6","E","7","10"
"2087","1","D","7","6","F","7","10"
"2088","2","D","4","6","F","7","10"
"2089","1","D","7","6","G","7","10"
"2090","2","D","7","6","G","7","10"
"2091","1","D","7","6","H","7","10"
"2092","2","D","10","6","H","7","10"
"2093","1","D","10","6","A","8","10"
"2094","2","D","1","6","A","8","10"
"2095","1","D","10","6","B","8","10"
"2096","2","D","4","6","B","8","10"
"2097","1","D","10","6","C","8","10"
"2098","2","D","7","6","C","8","10"
"2099","1","D","10","6","D","8","10"
"2100","2","D","10","6","D","8","10"
"2101","2","D","1","6","E","8","10"
"2102","2","D","4","6","E","8","10"
"2103","2","D","1","6","F","8","10"
"2104","2","D","7","6","F","8","10"
"2105","2","D","1","6","G","8","10"
"2106","2","D","10","6","G","8","10"
"2107","2","D","4","6","H","8","10"
"2108","2","D","7","6","H","8","10"
"2109","2","D","4","6","A","9","10"
"2110","2","D","10","6","A","9","10"
"2111","2","D","7","6","B","9","10"
"2112","2","D","10","6","B","9","10"
"2113","1","D","1","6","C","9","10"
"2114","1","D","4","6","C","9","10"
"2115","1","D","7","6","C","9","10"
"2116","1","D","1","6","D","9","10"
"2117","1","D","4","6","D","9","10"
"2118","1","D","10","6","D","9","10"
"2119","1","D","1","6","E","9","10"
"2120","1","D","4","6","E","9","10"
"2121","2","D","1","6","E","9","10"
"2122","1","D","1","6","F","9","10"
"2123","1","D","4","6","F","9","10"
"2124","2","D","4","6","F","9","10"
"2125","1","D","1","6","G","9","10"
"2126","1","D","4","6","G","9","10"
"2127","2","D","7","6","G","9","10"
"2128","1","D","1","6","H","9","10"
"2129","1","D","4","6","H","9","10"
"2130","2","D","10","6","H","9","10"
"2131","1","D","1","6","A","10","10"
"2132","1","D","7","6","A","10","10"
"2133","1","D","10","6","A","10","10"
"2134","1","D","1","6","B","10","10"
"2135","1","D","7","6","B","10","10"
"2136","2","D","1","6","B","10","10"
"2137","1","D","1","6","C","10","10"
"2138","1","D","7","6","C","10","10"
"2139","2","D","4","6","C","10","10"
"2140","1","D","1","6","D","10","10"
"2141","1","D","7","6","D","10","10"
"2142","2","D","7","6","D","10","10"
"2143","1","D","1","6","E","10","10"
"2144","1","D","7","6","E","10","10"
"2145","2","D","10","6","E","10","10"
"2146","1","D","1","6","F","10","10"
"2147","1","D","10","6","F","10","10"
"2148","2","D","1","6","F","10","10"
"2149","1","D","1","6","G","10","10"
"2150","1","D","10","6","G","10","10"
"2151","2","D","4","6","G","10","10"
"2152","1","D","1","6","H","10","10"
"2153","1","D","10","6","H","10","10"
"2154","2","D","7","6","H","10","10"
"2155","1","D","1","6","A","11","10"
"2156","1","D","10","6","A","11","10"
"2157","2","D","10","6","A","11","10"
"2158","1","D","1","6","B","11","10"
"2159","2","D","1","6","B","11","10"
"2160","2","D","4","6","B","11","10"
"2161","1","D","1","6","C","11","10"
"2162","2","D","1","6","C","11","10"
"2163","2","D","7","6","C","11","10"
"2164","1","D","1","6","D","11","10"
"2165","2","D","1","6","D","11","10"
"2166","2","D","10","6","D","11","10"
"2167","1","D","1","6","E","11","10"
"2168","2","D","4","6","E","11","10"
"2169","2","D","7","6","E","11","10"
"2170","1","D","1","6","F","11","10"
"2171","2","D","4","6","F","11","10"
"2172","2","D","10","6","F","11","10"
"2173","1","D","1","6","G","11","10"
"2174","2","D","7","6","G","11","10"
"2175","2","D","10","6","G","11","10"
"2176","1","D","4","6","H","11","10"
"2177","1","D","7","6","H","11","10"
"2178","1","D","10","6","H","11","10"
"2179","1","D","4","6","A","12","10"
"2180","1","D","7","6","A","12","10"
"2181","2","D","1","6","A","12","10"
"2182","1","D","4","6","B","12","10"
"2183","1","D","7","6","B","12","10"
"2184","2","D","4","6","B","12","10"
"2185","1","D","4","6","C","12","10"
"2186","1","D","7","6","C","12","10"
"2187","2","D","7","6","C","12","10"
"2188","1","D","4","6","D","12","10"
"2189","1","D","7","6","D","12","10"
"2190","2","D","10","6","D","12","10"
"2191","1","D","4","6","E","12","10"
"2192","1","D","10","6","E","12","10"
"2193","2","D","1","6","E","12","10"
"2194","1","D","4","6","F","12","10"
"2195","1","D","10","6","F","12","10"
"2196","2","D","4","6","F","12","10"
"2197","1","D","4","6","G","12","10"
"2198","1","D","10","6","G","12","10"
"2199","2","D","7","6","G","12","10"
"2200","1","D","4","6","H","12","10"
"2201","1","D","10","6","H","12","10"
"2202","2","D","10","6","H","12","10"
"2203","1","D","4","7","A","1","10"
"2204","2","D","1","7","A","1","10"
"2205","2","D","4","7","A","1","10"
"2206","1","D","4","7","B","1","10"
"2207","2","D","1","7","B","1","10"
"2208","2","D","7","7","B","1","10"
"2209","1","D","4","7","C","1","10"
"2210","2","D","1","7","C","1","10"
"2211","2","D","10","7","C","1","10"
"2212","1","D","4","7","D","1","10"
"2213","2","D","4","7","D","1","10"
"2214","2","D","7","7","D","1","10"
"2215","1","D","4","7","E","1","10"
"2216","2","D","4","7","E","1","10"
"2217","2","D","10","7","E","1","10"
"2218","1","D","4","7","F","1","10"
"2219","2","D","7","7","F","1","10"
"2220","2","D","10","7","F","1","10"
"2221","1","D","7","7","G","1","10"
"2222","1","D","10","7","G","1","10"
"2223","2","D","1","7","G","1","10"
"2224","1","D","7","7","H","1","10"
"2225","1","D","10","7","H","1","10"
"2226","2","D","4","7","H","1","10"
"2227","1","D","7","7","A","2","10"
"2228","1","D","10","7","A","2","10"
"2229","2","D","7","7","A","2","10"
"2230","1","D","7","7","B","2","10"
"2231","1","D","10","7","B","2","10"
"2232","2","D","10","7","B","2","10"
"2233","1","D","7","7","C","2","10"
"2234","2","D","1","7","C","2","10"
"2235","2","D","4","7","C","2","10"
"2236","1","D","7","7","D","2","10"
"2237","2","D","1","7","D","2","10"
"2238","2","D","7","7","D","2","10"
"2239","1","D","7","7","E","2","10"
"2240","2","D","1","7","E","2","10"
"2241","2","D","10","7","E","2","10"
"2242","1","D","7","7","F","2","10"
"2243","2","D","4","7","F","2","10"
"2244","2","D","7","7","F","2","10"
"2245","1","D","7","7","G","2","10"
"2246","2","D","4","7","G","2","10"
"2247","2","D","10","7","G","2","10"
"2248","1","D","7","7","H","2","10"
"2249","2","D","7","7","H","2","10"
"2250","2","D","10","7","H","2","10"
"2251","1","D","10","7","A","3","10"
"2252","2","D","1","7","A","3","10"
"2253","2","D","4","7","A","3","10"
"2254","1","D","10","7","B","3","10"
"2255","2","D","1","7","B","3","10"
"2256","2","D","7","7","B","3","10"
"2257","1","D","10","7","C","3","10"
"2258","2","D","1","7","C","3","10"
"2259","2","D","10","7","C","3","10"
"2260","1","D","10","7","D","3","10"
"2261","2","D","4","7","D","3","10"
"2262","2","D","7","7","D","3","10"
"2263","1","D","10","7","E","3","10"
"2264","2","D","4","7","E","3","10"
"2265","2","D","10","7","E","3","10"
"2266","1","D","10","7","F","3","10"
"2267","2","D","7","7","F","3","10"
"2268","2","D","10","7","F","3","10"
"2269","2","D","1","7","G","3","10"
"2270","2","D","4","7","G","3","10"
"2271","2","D","7","7","G","3","10"
"2272","2","D","1","7","H","3","10"
"2273","2","D","4","7","H","3","10"
"2274","2","D","10","7","H","3","10"
"2275","2","D","1","7","A","4","10"
"2276","2","D","7","7","A","4","10"
"2277","2","D","10","7","A","4","10"
"2278","2","D","4","7","B","4","10"
"2279","2","D","7","7","B","4","10"
"2280","2","D","10","7","B","4","10"
"2281","1","D","1","7","C","4","10"
"2282","1","D","4","7","C","4","10"
"2283","1","D","7","7","C","4","10"
"2284","1","D","10","7","C","4","10"
"2285","1","D","1","7","D","4","10"
"2286","1","D","4","7","D","4","10"
"2287","1","D","7","7","D","4","10"
"2288","2","D","1","7","D","4","10"
"2289","1","D","1","7","E","4","10"
"2290","1","D","4","7","E","4","10"
"2291","1","D","7","7","E","4","10"
"2292","2","D","4","7","E","4","10"
"2293","1","D","1","7","F","4","10"
"2294","1","D","4","7","F","4","10"
"2295","1","D","7","7","F","4","10"
"2296","2","D","7","7","F","4","10"
"2297","1","D","1","7","G","4","10"
"2298","1","D","4","7","G","4","10"
"2299","1","D","7","7","G","4","10"
"2300","2","D","10","7","G","4","10"
"2301","1","D","1","7","H","4","10"
"2302","1","D","4","7","H","4","10"
"2303","1","D","10","7","H","4","10"
"2304","2","D","1","7","H","4","10"
"2305","1","D","1","7","A","5","10"
"2306","1","D","4","7","A","5","10"
"2307","1","D","10","7","A","5","10"
"2308","2","D","4","7","A","5","10"
"2309","1","D","1","7","B","5","10"
"2310","1","D","4","7","B","5","10"
"2311","1","D","10","7","B","5","10"
"2312","2","D","7","7","B","5","10"
"2313","1","D","1","7","C","5","10"
"2314","1","D","4","7","C","5","10"
"2315","1","D","10","7","C","5","10"
"2316","2","D","10","7","C","5","10"
"2317","1","D","1","7","D","5","10"
"2318","1","D","4","7","D","5","10"
"2319","2","D","1","7","D","5","10"
"2320","2","D","4","7","D","5","10"
"2321","1","D","1","7","E","5","10"
"2322","1","D","4","7","E","5","10"
"2323","2","D","1","7","E","5","10"
"2324","2","D","7","7","E","5","10"
"2325","1","E","1","7","F","5","10"
"2326","1","E","4","7","F","5","10"
"2327","2","D","1","7","F","5","10"
"2328","2","D","10","7","F","5","10"
"2329","1","E","1","7","G","5","10"
"2330","1","E","4","7","G","5","10"
"2331","2","D","4","7","G","5","10"
"2332","2","D","7","7","G","5","10"
"2333","1","E","1","7","H","5","10"
"2334","1","E","4","7","H","5","10"
"2335","2","D","4","7","H","5","10"
"2336","2","D","10","7","H","5","10"
"2337","1","E","1","7","A","6","10"
"2338","1","E","4","7","A","6","10"
"2339","2","D","7","7","A","6","10"
"2340","2","D","10","7","A","6","10"
"2341","1","E","1","7","B","6","10"
"2342","1","D","7","7","B","6","10"
"2343","1","D","10","7","B","6","10"
"2344","2","D","1","7","B","6","10"
"2345","1","E","1","7","C","6","10"
"2346","1","D","7","7","C","6","10"
"2347","1","D","10","7","C","6","10"
"2348","2","D","4","7","C","6","10"
"2349","1","E","1","7","D","6","10"
"2350","1","D","7","7","D","6","10"
"2351","1","D","10","7","D","6","10"
"2352","2","D","7","7","D","6","10"
"2353","1","E","1","7","E","6","10"
"2354","1","D","7","7","E","6","10"
"2355","1","D","10","7","E","6","10"
"2356","2","D","10","7","E","6","10"
"2357","1","E","1","7","F","6","10"
"2358","1","D","7","7","F","6","10"
"2359","2","D","1","7","F","6","10"
"2360","2","D","4","7","F","6","10"
"2361","1","E","1","7","G","6","10"
"2362","1","D","7","7","G","6","10"
"2363","2","D","1","7","G","6","10"
"2364","2","D","7","7","G","6","10"
"2365","1","E","1","7","H","6","10"
"2366","1","E","7","7","H","6","10"
"2367","2","D","1","7","H","6","10"
"2368","2","D","10","7","H","6","10"
"2369","1","E","1","7","A","7","10"
"2370","1","E","7","7","A","7","10"
"2371","2","D","4","7","A","7","10"
"2372","2","D","7","7","A","7","10"
"2373","1","E","1","7","B","7","10"
"2374","1","E","7","7","B","7","10"
"2375","2","D","4","7","B","7","10"
"2376","2","D","10","7","B","7","10"
"2377","1","E","1","7","C","7","10"
"2378","1","E","7","7","C","7","10"
"2379","2","D","7","7","C","7","10"
"2380","2","D","10","7","C","7","10"
"2381","1","E","1","7","D","7","10"
"2382","1","D","10","7","D","7","10"
"2383","2","D","1","7","D","7","10"
"2384","2","D","4","7","D","7","10"
"2385","1","E","1","7","E","7","10"
"2386","1","D","10","7","E","7","10"
"2387","2","D","1","7","E","7","10"
"2388","2","D","7","7","E","7","10"
"2389","1","E","1","7","F","7","10"
"2390","1","E","10","7","F","7","10"
"2391","2","E","1","7","F","7","10"
"2392","2","D","10","7","F","7","10"
"2393","1","E","1","7","G","7","10"
"2394","1","E","10","7","G","7","10"
"2395","2","D","4","7","G","7","10"
"2396","2","D","7","7","G","7","10"
"2397","1","E","1","7","H","7","10"
"2398","1","E","10","7","H","7","10"
"2399","2","E","4","7","H","7","10"
"2400","2","D","10","7","H","7","10"
"2401","1","E","1","7","A","8","10"
"2402","1","E","10","7","A","8","10"
"2403","2","E","7","7","A","8","10"
"2404","2","E","10","7","A","8","10"
"2405","1","E","1","7","B","8","10"
"2406","2","E","1","7","B","8","10"
"2407","2","E","4","7","B","8","10"
"2408","2","E","7","7","B","8","10"
"2409","1","E","1","7","C","8","10"
"2410","2","E","1","7","C","8","10"
"2411","2","E","4","7","C","8","10"
"2412","2","E","10","7","C","8","10"
"2413","1","E","1","7","D","8","10"
"2414","2","E","1","7","D","8","10"
"2415","2","E","7","7","D","8","10"
"2416","2","E","10","7","D","8","10"
"2417","1","E","1","7","E","8","10"
"2418","2","E","4","7","E","8","10"
"2419","2","E","7","7","E","8","10"
"2420","2","E","10","7","E","8","10"
"2421","1","E","4","7","F","8","10"
"2422","1","E","7","7","F","8","10"
"2423","1","E","10","7","F","8","10"
"2424","2","E","1","7","F","8","10"
"2425","1","E","4","7","G","8","10"
"2426","1","E","7","7","G","8","10"
"2427","1","E","10","7","G","8","10"
"2428","2","E","4","7","G","8","10"
"2429","1","E","4","7","H","8","10"
"2430","1","E","7","7","H","8","10"
"2431","1","E","10","7","H","8","10"
"2432","2","E","7","7","H","8","10"
"2433","1","E","4","7","A","9","10"
"2434","1","E","7","7","A","9","10"
"2435","1","E","10","7","A","9","10"
"2436","2","E","10","7","A","9","10"
"2437","1","E","4","7","B","9","10"
"2438","1","E","7","7","B","9","10"
"2439","2","E","1","7","B","9","10"
"2440","2","E","4","7","B","9","10"
"2441","1","E","4","7","C","9","10"
"2442","1","E","7","7","C","9","10"
"2443","2","E","1","7","C","9","10"
"2444","2","E","7","7","C","9","10"
"2445","1","E","4","7","D","9","10"
"2446","1","E","7","7","D","9","10"
"2447","2","E","1","7","D","9","10"
"2448","2","E","10","7","D","9","10"
"2449","1","E","4","7","E","9","10"
"2450","1","E","7","7","E","9","10"
"2451","2","E","4","7","E","9","10"
"2452","2","E","7","7","E","9","10"
"2453","1","E","4","7","F","9","10"
"2454","1","E","7","7","F","9","10"
"2455","2","E","4","7","F","9","10"
"2456","2","E","10","7","F","9","10"
"2457","1","E","4","7","G","9","10"
"2458","1","E","7","7","G","9","10"
"2459","2","E","7","7","G","9","10"
"2460","2","E","10","7","G","9","10"
"2461","1","E","4","7","H","9","10"
"2462","1","E","10","7","H","9","10"
"2463","2","E","1","7","H","9","10"
"2464","2","E","4","7","H","9","10"
"2465","1","E","4","7","A","10","10"
"2466","1","E","10","7","A","10","10"
"2467","2","E","1","7","A","10","10"
"2468","2","E","7","7","A","10","10"
"2469","1","E","4","7","B","10","10"
"2470","1","E","10","7","B","10","10"
"2471","2","E","1","7","B","10","10"
"2472","2","E","10","7","B","10","10"
"2473","1","E","4","7","C","10","10"
"2474","1","E","10","7","C","10","10"
"2475","2","E","4","7","C","10","10"
"2476","2","E","7","7","C","10","10"
"2477","1","E","4","7","D","10","10"
"2478","1","E","10","7","D","10","10"
"2479","2","E","4","7","D","10","10"
"2480","2","E","10","7","D","10","10"
"2481","1","E","4","7","E","10","10"
"2482","1","E","10","7","E","10","10"
"2483","2","E","7","7","E","10","10"
"2484","2","E","10","7","E","10","10"
"2485","1","E","4","7","F","10","10"
"2486","2","E","1","7","F","10","10"
"2487","2","E","4","7","F","10","10"
"2488","2","E","7","7","F","10","10"
"2489","1","E","4","7","G","10","10"
"2490","2","E","1","7","G","10","10"
"2491","2","E","4","7","G","10","10"
"2492","2","E","10","7","G","10","10"
"2493","1","E","4","7","H","10","10"
"2494","2","E","1","7","H","10","10"
"2495","2","E","7","7","H","10","10"
"2496","2","E","10","7","H","10","10"
"2497","1","E","4","7","A","11","10"
"2498","2","E","4","7","A","11","10"
"2499","2","E","7","7","A","11","10"
"2500","2","E","10","7","A","11","10"
"2501","1","E","7","7","B","11","10"
"2502","1","E","10","7","B","11","10"
"2503","2","E","1","7","B","11","10"
"2504","2","E","4","7","B","11","10"
"2505","1","E","7","7","C","11","10"
"2506","1","E","10","7","C","11","10"
"2507","2","E","1","7","C","11","10"
"2508","2","E","7","7","C","11","10"
"2509","1","E","7","7","D","11","10"
"2510","1","E","10","7","D","11","10"
"2511","2","E","1","7","D","11","10"
"2512","2","E","10","7","D","11","10"
"2513","1","E","7","7","E","11","10"
"2514","1","E","10","7","E","11","10"
"2515","2","E","4","7","E","11","10"
"2516","2","E","7","7","E","11","10"
"2517","1","E","7","7","F","11","10"
"2518","1","E","10","7","F","11","10"
"2519","2","E","4","7","F","11","10"
"2520","2","E","10","7","F","11","10"
"2521","1","E","7","7","G","11","10"
"2522","1","E","10","7","G","11","10"
"2523","2","E","7","7","G","11","10"
"2524","2","E","10","7","G","11","10"
"2525","1","E","7","7","H","11","10"
"2526","2","E","1","7","H","11","10"
"2527","2","E","4","7","H","11","10"
"2528","2","E","7","7","H","11","10"
"2529","1","E","7","7","A","12","10"
"2530","2","E","1","7","A","12","10"
"2531","2","E","4","7","A","12","10"
"2532","2","E","10","7","A","12","10"
"2533","1","E","7","7","B","12","10"
"2534","2","E","1","7","B","12","10"
"2535","2","E","7","7","B","12","10"
"2536","2","E","10","7","B","12","10"
"2537","1","E","7","7","C","12","10"
"2538","2","E","4","7","C","12","10"
"2539","2","E","7","7","C","12","10"
"2540","2","E","10","7","C","12","10"
"2541","1","E","10","7","D","12","10"
"2542","2","E","1","7","D","12","10"
"2543","2","E","4","7","D","12","10"
"2544","2","E","7","7","D","12","10"
"2545","1","E","10","7","E","12","10"
"2546","2","E","1","7","E","12","10"
"2547","2","E","4","7","E","12","10"
"2548","2","E","10","7","E","12","10"
"2549","1","E","10","7","F","12","10"
"2550","2","E","1","7","F","12","10"
"2551","2","E","7","7","F","12","10"
"2552","2","E","10","7","F","12","10"
"2553","1","E","10","7","G","12","10"
"2554","2","E","4","7","G","12","10"
"2555","2","E","7","7","G","12","10"
"2556","2","E","10","7","G","12","10"
"2557","2","E","1","7","H","12","10"
"2558","2","E","4","7","H","12","10"
"2559","2","E","7","7","H","12","10"
"2560","2","E","10","7","H","12","10"
"2561","1","E","1","8","A","1","10"
"2562","1","E","4","8","A","1","10"
"2563","1","E","7","8","A","1","10"
"2564","1","E","10","8","A","1","10"
"2565","2","E","1","8","A","1","10"
"2566","1","E","1","8","B","1","10"
"2567","1","E","4","8","B","1","10"
"2568","1","E","7","8","B","1","10"
"2569","1","E","10","8","B","1","10"
"2570","2","E","4","8","B","1","10"
"2571","1","E","1","8","C","1","10"
"2572","1","E","4","8","C","1","10"
"2573","1","E","7","8","C","1","10"
"2574","1","E","10","8","C","1","10"
"2575","2","E","7","8","C","1","10"
"2576","1","E","1","8","D","1","10"
"2577","1","E","4","8","D","1","10"
"2578","1","E","7","8","D","1","10"
"2579","1","E","10","8","D","1","10"
"2580","2","E","10","8","D","1","10"
"2581","1","E","1","8","E","1","10"
"2582","1","E","4","8","E","1","10"
"2583","1","E","7","8","E","1","10"
"2584","2","E","1","8","E","1","10"
"2585","2","E","4","8","E","1","10"
"2586","1","E","1","8","F","1","10"
"2587","1","E","4","8","F","1","10"
"2588","1","E","7","8","F","1","10"
"2589","2","E","1","8","F","1","10"
"2590","2","E","7","8","F","1","10"
"2591","1","E","1","8","G","1","10"
"2592","1","E","4","8","G","1","10"
"2593","1","E","7","8","G","1","10"
"2594","2","E","1","8","G","1","10"
"2595","2","E","10","8","G","1","10"
"2596","1","E","1","8","H","1","10"
"2597","1","E","4","8","H","1","10"
"2598","1","E","7","8","H","1","10"
"2599","2","E","4","8","H","1","10"
"2600","2","E","7","8","H","1","10"
"2601","1","E","1","8","A","2","10"
"2602","1","E","4","8","A","2","10"
"2603","1","E","7","8","A","2","10"
"2604","2","E","4","8","A","2","10"
"2605","2","E","10","8","A","2","10"
"2606","1","E","1","8","B","2","10"
"2607","1","E","4","8","B","2","10"
"2608","1","E","7","8","B","2","10"
"2609","2","E","7","8","B","2","10"
"2610","2","E","10","8","B","2","10"
"2611","1","E","1","8","C","2","10"
"2612","1","E","4","8","C","2","10"
"2613","1","E","10","8","C","2","10"
"2614","2","E","1","8","C","2","10"
"2615","2","E","4","8","C","2","10"
"2616","1","E","1","8","D","2","10"
"2617","1","E","4","8","D","2","10"
"2618","1","E","10","8","D","2","10"
"2619","2","E","1","8","D","2","10"
"2620","2","E","7","8","D","2","10"
"2621","1","E","1","8","E","2","10"
"2622","1","E","4","8","E","2","10"
"2623","1","E","10","8","E","2","10"
"2624","2","E","1","8","E","2","10"
"2625","2","E","10","8","E","2","10"
"2626","1","E","1","8","F","2","10"
"2627","1","E","4","8","F","2","10"
"2628","1","E","10","8","F","2","10"
"2629","2","E","4","8","F","2","10"
"2630","2","E","7","8","F","2","10"
"2631","1","E","1","8","G","2","10"
"2632","1","E","4","8","G","2","10"
"2633","1","E","10","8","G","2","10"
"2634","2","E","4","8","G","2","10"
"2635","2","E","10","8","G","2","10"
"2636","1","E","1","8","H","2","10"
"2637","1","E","4","8","H","2","10"
"2638","1","E","10","8","H","2","10"
"2639","2","E","7","8","H","2","10"
"2640","2","E","10","8","H","2","10"
"2641","1","E","1","8","A","3","10"
"2642","1","E","4","8","A","3","10"
"2643","2","E","1","8","A","3","10"
"2644","2","E","4","8","A","3","10"
"2645","2","E","7","8","A","3","10"
"2646","1","E","1","8","B","3","10"
"2647","1","E","4","8","B","3","10"
"2648","2","E","1","8","B","3","10"
"2649","2","E","4","8","B","3","10"
"2650","2","E","10","8","B","3","10"
"2651","1","E","1","8","C","3","10"
"2652","1","E","4","8","C","3","10"
"2653","2","E","1","8","C","3","10"
"2654","2","E","7","8","C","3","10"
"2655","2","E","10","8","C","3","10"
"2656","1","E","1","8","D","3","10"
"2657","1","E","4","8","D","3","10"
"2658","2","E","4","8","D","3","10"
"2659","2","E","7","8","D","3","10"
"2660","2","E","10","8","D","3","10"
"2661","1","E","1","8","E","3","10"
"2662","1","E","7","8","E","3","10"
"2663","1","E","10","8","E","3","10"
"2664","2","E","1","8","E","3","10"
"2665","2","E","4","8","E","3","10"
"2666","1","E","1","8","F","3","10"
"2667","1","E","7","8","F","3","10"
"2668","1","E","10","8","F","3","10"
"2669","2","E","1","8","F","3","10"
"2670","2","E","7","8","F","3","10"
"2671","1","E","1","8","G","3","10"
"2672","1","E","7","8","G","3","10"
"2673","1","E","10","8","G","3","10"
"2674","2","E","1","8","G","3","10"
"2675","2","E","10","8","G","3","10"
"2676","1","E","1","8","H","3","10"
"2677","1","E","7","8","H","3","10"
"2678","1","E","10","8","H","3","10"
"2679","2","E","4","8","H","3","10"
"2680","2","E","7","8","H","3","10"
"2681","1","E","1","8","A","4","10"
"2682","1","E","7","8","A","4","10"
"2683","1","E","10","8","A","4","10"
"2684","2","E","4","8","A","4","10"
"2685","2","E","10","8","A","4","10"
"2686","1","E","1","8","B","4","10"
"2687","1","E","7","8","B","4","10"
"2688","1","E","10","8","B","4","10"
"2689","2","E","7","8","B","4","10"
"2690","2","E","10","8","B","4","10"
"2691","1","E","1","8","C","4","10"
"2692","1","E","7","8","C","4","10"
"2693","2","E","1","8","C","4","10"
"2694","2","E","4","8","C","4","10"
"2695","2","E","7","8","C","4","10"
"2696","1","E","1","8","D","4","10"
"2697","1","E","7","8","D","4","10"
"2698","2","E","1","8","D","4","10"
"2699","2","E","4","8","D","4","10"
"2700","2","E","10","8","D","4","10"
"2701","1","E","1","8","E","4","10"
"2702","1","E","7","8","E","4","10"
"2703","2","E","1","8","E","4","10"
"2704","2","E","7","8","E","4","10"
"2705","2","E","10","8","E","4","10"
"2706","1","E","1","8","F","4","10"
"2707","1","E","7","8","F","4","10"
"2708","2","E","4","8","F","4","10"
"2709","2","E","7","8","F","4","10"
"2710","2","E","10","8","F","4","10"
"2711","1","E","1","8","G","4","10"
"2712","1","E","10","8","G","4","10"
"2713","2","E","1","8","G","4","10"
"2714","2","E","4","8","G","4","10"
"2715","2","E","7","8","G","4","10"
"2716","1","E","1","8","H","4","10"
"2717","1","E","10","8","H","4","10"
"2718","2","E","1","8","H","4","10"
"2719","2","E","4","8","H","4","10"
"2720","2","E","10","8","H","4","10"
"2721","1","E","1","8","A","5","10"
"2722","1","E","10","8","A","5","10"
"2723","2","E","1","8","A","5","10"
"2724","2","E","7","8","A","5","10"
"2725","2","E","10","8","A","5","10"
"2726","1","E","1","8","B","5","10"
"2727","1","E","10","8","B","5","10"
"2728","2","E","4","8","B","5","10"
"2729","2","E","7","8","B","5","10"
"2730","2","E","10","8","B","5","10"
"2731","1","E","1","8","C","5","10"
"2732","2","E","1","8","C","5","10"
"2733","2","E","4","8","C","5","10"
"2734","2","E","7","8","C","5","10"
"2735","2","E","10","8","C","5","10"
"2736","1","E","4","8","D","5","10"
"2737","1","E","7","8","D","5","10"
"2738","1","E","10","8","D","5","10"
"2739","2","E","1","8","D","5","10"
"2740","2","E","4","8","D","5","10"
"2741","1","E","4","8","E","5","10"
"2742","1","E","7","8","E","5","10"
"2743","1","E","10","8","E","5","10"
"2744","2","E","1","8","E","5","10"
"2745","2","E","7","8","E","5","10"
"2746","1","E","4","8","F","5","10"
"2747","1","E","7","8","F","5","10"
"2748","1","E","10","8","F","5","10"
"2749","2","E","1","8","F","5","10"
"2750","2","E","10","8","F","5","10"
"2751","1","E","4","8","G","5","10"
"2752","1","E","7","8","G","5","10"
"2753","1","E","10","8","G","5","10"
"2754","2","E","4","8","G","5","10"
"2755","2","E","7","8","G","5","10"
"2756","1","E","4","8","H","5","10"
"2757","1","E","7","8","H","5","10"
"2758","1","E","10","8","H","5","10"
"2759","2","E","4","8","H","5","10"
"2760","2","E","10","8","H","5","10"
"2761","1","E","4","8","A","6","10"
"2762","1","E","7","8","A","6","10"
"2763","1","E","10","8","A","6","10"
"2764","2","E","7","8","A","6","10"
"2765","2","E","10","8","A","6","10"
"2766","1","E","4","8","B","6","10"
"2767","1","E","7","8","B","6","10"
"2768","2","E","1","8","B","6","10"
"2769","2","E","4","8","B","6","10"
"2770","2","E","7","8","B","6","10"
"2771","1","E","4","8","C","6","10"
"2772","1","E","7","8","C","6","10"
"2773","2","E","1","8","C","6","10"
"2774","2","E","4","8","C","6","10"
"2775","2","E","10","8","C","6","10"
"2776","1","E","4","8","D","6","10"
"2777","1","E","7","8","D","6","10"
"2778","2","E","1","8","D","6","10"
"2779","2","E","7","8","D","6","10"
"2780","2","E","10","8","D","6","10"
"2781","1","E","4","8","E","6","10"
"2782","1","E","7","8","E","6","10"
"2783","2","E","4","8","E","6","10"
"2784","2","E","7","8","E","6","10"
"2785","2","E","10","8","E","6","10"
"2786","1","E","4","8","F","6","10"
"2787","1","E","10","8","F","6","10"
"2788","2","E","1","8","F","6","10"
"2789","2","E","4","8","F","6","10"
"2790","2","E","7","8","F","6","10"
"2791","1","E","4","8","G","6","10"
"2792","1","E","10","8","G","6","10"
"2793","2","E","1","8","G","6","10"
"2794","2","E","4","8","G","6","10"
"2795","2","E","10","8","G","6","10"
"2796","1","E","4","8","H","6","10"
"2797","1","E","10","8","H","6","10"
"2798","2","E","1","8","H","6","10"
"2799","2","E","7","8","H","6","10"
"2800","2","E","10","8","H","6","10"
"2801","1","E","4","8","A","7","10"
"2802","1","E","10","8","A","7","10"
"2803","2","E","4","8","A","7","10"
"2804","2","E","7","8","A","7","10"
"2805","2","E","10","8","A","7","10"
"2806","1","E","4","8","B","7","10"
"2807","2","E","1","8","B","7","10"
"2808","2","E","4","8","B","7","10"
"2809","2","E","7","8","B","7","10"
"2810","2","E","10","8","B","7","10"
"2811","1","E","7","8","C","7","10"
"2812","1","E","10","8","C","7","10"
"2813","2","E","1","8","C","7","10"
"2814","2","E","4","8","C","7","10"
"2815","2","E","7","8","C","7","10"
"2816","1","E","7","8","D","7","10"
"2817","1","E","10","8","D","7","10"
"2818","2","E","1","8","D","7","10"
"2819","2","E","4","8","D","7","10"
"2820","2","E","10","8","D","7","10"
"2821","1","E","7","8","E","7","10"
"2822","1","E","10","8","E","7","10"
"2823","2","E","1","8","E","7","10"
"2824","2","E","7","8","E","7","10"
"2825","2","E","10","8","E","7","10"
"2826","1","E","7","8","F","7","10"
"2827","1","E","10","8","F","7","10"
"2828","2","E","4","8","F","7","10"
"2829","2","E","7","8","F","7","10"
"2830","2","E","10","8","F","7","10"
"2831","1","E","7","8","G","7","10"
"2832","2","E","1","8","G","7","10"
"2833","2","E","4","8","G","7","10"
"2834","2","E","7","8","G","7","10"
"2835","2","E","10","8","G","7","10"
"2836","1","E","10","8","H","7","10"
"2837","2","E","1","8","H","7","10"
"2838","2","E","4","8","H","7","10"
"2839","2","E","7","8","H","7","10"
"2840","2","E","10","8","H","7","10"
"2841","1","E","1","8","A","8","10"
"2842","1","E","4","8","A","8","10"
"2843","1","E","7","8","A","8","10"
"2844","1","E","10","8","A","8","10"
"2845","2","E","1","8","A","8","10"
"2846","2","E","4","8","A","8","10"
"2847","1","E","1","8","B","8","10"
"2848","1","E","4","8","B","8","10"
"2849","1","E","7","8","B","8","10"
"2850","1","E","10","8","B","8","10"
"2851","2","E","1","8","B","8","10"
"2852","2","E","7","8","B","8","10"
"2853","1","E","1","8","C","8","10"
"2854","1","E","4","8","C","8","10"
"2855","1","E","7","8","C","8","10"
"2856","1","E","10","8","C","8","10"
"2857","2","E","1","8","C","8","10"
"2858","2","E","10","8","C","8","10"
"2859","1","E","1","8","D","8","10"
"2860","1","E","4","8","D","8","10"
"2861","1","E","7","8","D","8","10"
"2862","1","E","10","8","D","8","10"
"2863","2","E","4","8","D","8","10"
"2864","2","E","7","8","D","8","10"
"2865","1","E","1","8","E","8","10"
"2866","1","E","4","8","E","8","10"
"2867","1","E","7","8","E","8","10"
"2868","1","E","10","8","E","8","10"
"2869","2","E","4","8","E","8","10"
"2870","2","E","10","8","E","8","10"
"2871","1","E","1","8","F","8","10"
"2872","1","E","4","8","F","8","10"
"2873","1","E","7","8","F","8","10"
"2874","1","E","10","8","F","8","10"
"2875","2","E","7","8","F","8","10"
"2876","2","E","10","8","F","8","10"
"2877","1","E","1","8","G","8","10"
"2878","1","E","4","8","G","8","10"
"2879","1","E","7","8","G","8","10"
"2880","2","E","1","8","G","8","10"
"2881","2","E","4","8","G","8","10"
"2882","2","E","7","8","G","8","10"
"2883","1","E","1","8","H","8","10"
"2884","1","E","4","8","H","8","10"
"2885","1","E","7","8","H","8","10"
"2886","2","E","1","8","H","8","10"
"2887","2","E","4","8","H","8","10"
"2888","2","E","10","8","H","8","10"
"2889","1","E","1","8","A","9","10"
"2890","1","E","4","8","A","9","10"
"2891","1","E","7","8","A","9","10"
"2892","2","E","1","8","A","9","10"
"2893","2","E","7","8","A","9","10"
"2894","2","E","10","8","A","9","10"
"2895","1","E","1","8","B","9","10"
"2896","1","E","4","8","B","9","10"
"2897","1","E","7","8","B","9","10"
"2898","2","E","4","8","B","9","10"
"2899","2","E","7","8","B","9","10"
"2900","2","E","10","8","B","9","10"
"2901","1","E","1","8","C","9","10"
"2902","1","E","4","8","C","9","10"
"2903","1","E","10","8","C","9","10"
"2904","2","E","1","8","C","9","10"
"2905","2","E","4","8","C","9","10"
"2906","2","E","7","8","C","9","10"
"2907","1","E","1","8","D","9","10"
"2908","1","E","4","8","D","9","10"
"2909","1","E","10","8","D","9","10"
"2910","2","E","1","8","D","9","10"
"2911","2","E","4","8","D","9","10"
"2912","2","E","10","8","D","9","10"
"2913","1","E","1","8","E","9","10"
"2914","1","E","4","8","E","9","10"
"2915","1","E","10","8","E","9","10"
"2916","2","E","1","8","E","9","10"
"2917","2","E","7","8","E","9","10"
"2918","2","E","10","8","E","9","10"
"2919","1","E","1","8","F","9","10"
"2920","1","E","4","8","F","9","10"
"2921","1","E","10","8","F","9","10"
"2922","2","E","4","8","F","9","10"
"2923","2","E","7","8","F","9","10"
"2924","2","E","10","8","F","9","10"
"2925","1","E","1","8","G","9","10"
"2926","1","E","4","8","G","9","10"
"2927","2","E","1","8","G","9","10"
"2928","2","E","4","8","G","9","10"
"2929","2","E","7","8","G","9","10"
"2930","2","E","10","8","G","9","10"
"2931","1","F","1","8","H","9","10"
"2932","1","E","7","8","H","9","10"
"2933","1","E","10","8","H","9","10"
"2934","2","E","1","8","H","9","10"
"2935","2","E","4","8","H","9","10"
"2936","2","E","7","8","H","9","10"
"2937","1","F","1","8","A","10","10"
"2938","1","E","7","8","A","10","10"
"2939","1","E","10","8","A","10","10"
"2940","2","E","1","8","A","10","10"
"2941","2","E","4","8","A","10","10"
"2942","2","E","10","8","A","10","10"
"2943","1","F","1","8","B","10","10"
"2944","1","E","7","8","B","10","10"
"2945","1","E","10","8","B","10","10"
"2946","2","E","1","8","B","10","10"
"2947","2","E","7","8","B","10","10"
"2948","2","E","10","8","B","10","10"
"2949","1","F","1","8","C","10","10"
"2950","1","E","7","8","C","10","10"
"2951","1","E","10","8","C","10","10"
"2952","2","E","4","8","C","10","10"
"2953","2","E","7","8","C","10","10"
"2954","2","E","10","8","C","10","10"
"2955","1","F","1","8","D","10","10"
"2956","1","E","7","8","D","10","10"
"2957","2","E","1","8","D","10","10"
"2958","2","E","4","8","D","10","10"
"2959","2","E","7","8","D","10","10"
"2960","2","E","10","8","D","10","10"
"2961","1","F","1","8","E","10","10"
"2962","1","E","10","8","E","10","10"
"2963","2","E","1","8","E","10","10"
"2964","2","E","4","8","E","10","10"
"2965","2","E","7","8","E","10","10"
"2966","2","E","10","8","E","10","10"
"2967","1","F","4","8","F","10","10"
"2968","1","F","7","8","F","10","10"
"2969","1","F","10","8","F","10","10"
"2970","2","F","1","8","F","10","10"
"2971","2","F","4","8","F","10","10"
"2972","2","F","7","8","F","10","10"
"2973","1","F","4","8","G","10","10"
"2974","1","F","7","8","G","10","10"
"2975","1","F","10","8","G","10","10"
"2976","2","F","1","8","G","10","10"
"2977","2","F","4","8","G","10","10"
"2978","2","F","10","8","G","10","10"
"2979","1","F","4","8","H","10","10"
"2980","1","F","7","8","H","10","10"
"2981","1","F","10","8","H","10","10"
"2982","2","F","1","8","H","10","10"
"2983","2","F","7","8","H","10","10"
"2984","2","F","10","8","H","10","10"
"2985","1","F","4","8","A","11","10"
"2986","1","F","7","8","A","11","10"
"2987","1","F","10","8","A","11","10"
"2988","2","F","4","8","A","11","10"
"2989","2","F","7","8","A","11","10"
"2990","2","F","10","8","A","11","10"
"2991","1","F","4","8","B","11","10"
"2992","1","F","7","8","B","11","10"
"2993","2","F","1","8","B","11","10"
"2994","2","F","4","8","B","11","10"
"2995","2","F","7","8","B","11","10"
"2996","2","F","10","8","B","11","10"
"2997","1","F","4","8","C","11","10"
"2998","1","F","10","8","C","11","10"
"2999","2","F","1","8","C","11","10"
"3000","2","F","4","8","C","11","10"
"3001","2","F","7","8","C","11","10"
"3002","2","F","10","8","C","11","10"
"3003","1","F","7","8","D","11","10"
"3004","1","F","10","8","D","11","10"
"3005","2","F","1","8","D","11","10"
"3006","2","F","4","8","D","11","10"
"3007","2","F","7","8","D","11","10"
"3008","2","F","10","8","D","11","10"
"3009","1","F","1","8","E","11","10"
"3010","1","F","4","8","E","11","10"
"3011","1","F","7","8","E","11","10"
"3012","1","F","10","8","E","11","10"
"3013","2","F","1","8","E","11","10"
"3014","2","F","4","8","E","11","10"
"3015","2","F","7","8","E","11","10"
"3016","1","F","1","8","F","11","10"
"3017","1","F","4","8","F","11","10"
"3018","1","F","7","8","F","11","10"
"3019","1","F","10","8","F","11","10"
"3020","2","F","1","8","F","11","10"
"3021","2","F","4","8","F","11","10"
"3022","2","F","10","8","F","11","10"
"3023","1","F","1","8","G","11","10"
"3024","1","F","4","8","G","11","10"
"3025","1","F","7","8","G","11","10"
"3026","1","F","10","8","G","11","10"
"3027","2","F","1","8","G","11","10"
"3028","2","F","7","8","G","11","10"
"3029","2","F","10","8","G","11","10"
"3030","1","F","1","8","H","11","10"
"3031","1","F","4","8","H","11","10"
"3032","1","F","7","8","H","11","10"
"3033","1","F","10","8","H","11","10"
"3034","2","F","4","8","H","11","10"
"3035","2","F","7","8","H","11","10"
"3036","2","F","10","8","H","11","10"
"3037","1","F","1","8","A","12","10"
"3038","1","F","4","8","A","12","10"
"3039","1","F","7","8","A","12","10"
"3040","2","F","1","8","A","12","10"
"3041","2","F","4","8","A","12","10"
"3042","2","F","7","8","A","12","10"
"3043","2","F","10","8","A","12","10"
"3044","1","F","1","8","B","12","10"
"3045","1","F","4","8","B","12","10"
"3046","1","F","10","8","B","12","10"
"3047","2","F","1","8","B","12","10"
"3048","2","F","4","8","B","12","10"
"3049","2","F","7","8","B","12","10"
"3050","2","F","10","8","B","12","10"
"3051","1","F","1","8","C","12","10"
"3052","1","F","7","8","C","12","10"
"3053","1","F","10","8","C","12","10"
"3054","2","F","1","8","C","12","10"
"3055","2","F","4","8","C","12","10"
"3056","2","F","7","8","C","12","10"
"3057","2","F","10","8","C","12","10"
"3058","1","F","4","8","D","12","10"
"3059","1","F","7","8","D","12","10"
"3060","1","F","10","8","D","12","10"
"3061","2","F","1","8","D","12","10"
"3062","2","F","4","8","D","12","10"
"3063","2","F","7","8","D","12","10"
"3064","2","F","10","8","D","12","10"
"3065","1","F","1","8","E","12","10"
"3066","1","F","4","8","E","12","10"
"3067","1","F","7","8","E","12","10"
"3068","1","F","10","8","E","12","10"
"3069","2","F","1","8","E","12","10"
"3070","2","F","4","8","E","12","10"
"3071","2","F","7","8","E","12","10"
"3072","2","F","10","8","E","12","10"
"3073","1","F","1","8","F","12","10"
"3074","1","F","4","8","G","12","10"
"3075","1","F","7","8","H","12","10"
"3076","1","F","10","9","A","1","10"
"3077","2","F","1","9","B","1","10"
"3078","2","F","4","9","C","1","10"
"3079","2","F","7","9","D","1","10"
"3080","2","F","10","9","E","1","10"
"3081","1","F","1","9","F","1","10"
"3082","1","F","4","9","F","1","10"
"3083","1","F","1","9","G","1","10"
"3084","1","F","7","9","G","1","10"
"3085","1","F","1","9","H","1","10"
"3086","1","F","10","9","H","1","10"
"3087","1","F","1","9","A","2","10"
"3088","2","F","1","9","A","2","10"
"3089","1","F","1","9","B","2","10"
"3090","2","F","4","9","B","2","10"
"3091","1","F","1","9","C","2","10"
"3092","2","F","7","9","C","2","10"
"3093","1","F","1","9","D","2","10"
"3094","2","F","10","9","D","2","10"
"3095","1","F","4","9","E","2","10"
"3096","1","F","7","9","E","2","10"
"3097","1","F","4","9","F","2","10"
"3098","1","F","10","9","F","2","10"
"3099","1","F","4","9","G","2","10"
"3100","2","F","1","9","G","2","10"
"3101","1","F","4","9","H","2","10"
"3102","2","F","4","9","H","2","10"
"3103","1","F","4","9","A","3","10"
"3104","2","F","7","9","A","3","10"
"3105","1","F","4","9","B","3","10"
"3106","2","F","10","9","B","3","10"
"3107","1","F","7","9","C","3","10"
"3108","1","F","10","9","C","3","10"
"3109","1","F","7","9","D","3","10"
"3110","2","F","1","9","D","3","10"
"3111","1","F","7","9","E","3","10"
"3112","2","F","4","9","E","3","10"
"3113","1","F","7","9","F","3","10"
"3114","2","F","7","9","F","3","10"
"3115","1","F","7","9","G","3","10"
"3116","2","F","10","9","G","3","10"
"3117","1","F","10","9","H","3","10"
"3118","2","F","1","9","H","3","10"
"3119","1","F","10","9","A","4","10"
"3120","2","F","4","9","A","4","10"
"3121","1","F","10","9","B","4","10"
"3122","2","F","7","9","B","4","10"
"3123","1","F","10","9","C","4","10"
"3124","2","F","10","9","C","4","10"
"3125","2","F","1","9","D","4","10"
"3126","2","F","4","9","D","4","10"
"3127","2","F","1","9","E","4","10"
"3128","2","F","7","9","E","4","10"
"3129","2","F","1","9","F","4","10"
"3130","2","F","10","9","F","4","10"
"3131","2","F","4","9","G","4","10"
"3132","2","F","7","9","G","4","10"
"3133","2","F","4","9","H","4","10"
"3134","2","F","10","9","H","4","10"
"3135","2","F","7","9","A","5","10"
"3136","2","F","10","9","A","5","10"
"3137","1","F","1","9","B","5","10"
"3138","1","F","4","9","B","5","10"
"3139","1","F","7","9","B","5","10"
"3140","1","F","1","9","C","5","10"
"3141","1","F","4","9","C","5","10"
"3142","1","F","10","9","C","5","10"
"3143","1","F","1","9","D","5","10"
"3144","1","F","4","9","D","5","10"
"3145","2","F","1","9","D","5","10"
"3146","1","F","1","9","E","5","10"
"3147","1","F","4","9","E","5","10"
"3148","2","F","4","9","E","5","10"
"3149","1","F","1","9","F","5","10"
"3150","1","F","4","9","F","5","10"
"3151","2","F","7","9","F","5","10"
"3152","1","F","1","9","G","5","10"
"3153","1","F","4","9","G","5","10"
"3154","2","F","10","9","G","5","10"
"3155","1","F","1","9","H","5","10"
"3156","1","F","7","9","H","5","10"
"3157","1","F","10","9","H","5","10"
"3158","1","F","1","9","A","6","10"
"3159","1","F","7","9","A","6","10"
"3160","2","F","1","9","A","6","10"
"3161","1","F","1","9","B","6","10"
"3162","1","F","7","9","B","6","10"
"3163","2","F","4","9","B","6","10"
"3164","1","F","1","9","C","6","10"
"3165","1","F","7","9","C","6","10"
"3166","2","F","7","9","C","6","10"
"3167","1","F","1","9","D","6","10"
"3168","1","F","7","9","D","6","10"
"3169","2","F","10","9","D","6","10"
"3170","1","F","1","9","E","6","10"
"3171","1","F","10","9","E","6","10"
"3172","2","F","1","9","E","6","10"
"3173","1","F","1","9","F","6","10"
"3174","1","F","10","9","F","6","10"
"3175","2","F","4","9","F","6","10"
"3176","1","F","1","9","G","6","10"
"3177","1","F","10","9","G","6","10"
"3178","2","F","7","9","G","6","10"
"3179","1","F","1","9","H","6","10"
"3180","1","F","10","9","H","6","10"
"3181","2","F","10","9","H","6","10"
"3182","1","F","1","9","A","7","10"
"3183","2","F","1","9","A","7","10"
"3184","2","F","4","9","A","7","10"
"3185","1","F","1","9","B","7","10"
"3186","2","F","1","9","B","7","10"
"3187","2","F","7","9","B","7","10"
"3188","1","F","1","9","C","7","10"
"3189","2","F","1","9","C","7","10"
"3190","2","F","10","9","C","7","10"
"3191","1","F","1","9","D","7","10"
"3192","2","F","4","9","D","7","10"
"3193","2","F","7","9","D","7","10"
"3194","1","F","1","9","E","7","10"
"3195","2","F","4","9","E","7","10"
"3196","2","F","10","9","E","7","10"
"3197","1","F","1","9","F","7","10"
"3198","2","F","7","9","F","7","10"
"3199","2","F","10","9","F","7","10"
"3200","1","F","4","9","G","7","10"
"3201","1","F","7","9","G","7","10"
"3202","1","F","10","9","G","7","10"
"3203","1","F","4","9","H","7","10"
"3204","1","F","7","9","H","7","10"
"3205","2","F","1","9","H","7","10"
"3206","1","F","4","9","A","8","10"
"3207","1","F","7","9","A","8","10"
"3208","2","F","4","9","A","8","10"
"3209","1","F","4","9","B","8","10"
"3210","1","F","7","9","B","8","10"
"3211","2","F","7","9","B","8","10"
"3212","1","F","4","9","C","8","10"
"3213","1","F","7","9","C","8","10"
"3214","2","F","10","9","C","8","10"
"3215","1","F","4","9","D","8","10"
"3216","1","F","10","9","D","8","10"
"3217","2","F","1","9","D","8","10"
"3218","1","F","4","9","E","8","10"
"3219","1","F","10","9","E","8","10"
"3220","2","F","4","9","E","8","10"
"3221","1","F","4","9","F","8","10"
"3222","1","F","10","9","F","8","10"
"3223","2","F","7","9","F","8","10"
"3224","1","F","4","9","G","8","10"
"3225","1","F","10","9","G","8","10"
"3226","2","F","10","9","G","8","10"
"3227","1","F","4","9","H","8","10"
"3228","2","F","1","9","H","8","10"
"3229","2","F","4","9","H","8","10"
"3230","1","F","4","9","A","9","10"
"3231","2","F","1","9","A","9","10"
"3232","2","F","7","9","A","9","10"
"3233","1","F","4","9","B","9","10"
"3234","2","F","1","9","B","9","10"
"3235","2","F","10","9","B","9","10"
"3236","1","F","4","9","C","9","10"
"3237","2","F","4","9","C","9","10"
"3238","2","F","7","9","C","9","10"
"3239","1","F","4","9","D","9","10"
"3240","2","F","4","9","D","9","10"
"3241","2","F","10","9","D","9","10"
"3242","1","F","4","9","E","9","10"
"3243","2","F","7","9","E","9","10"
"3244","2","F","10","9","E","9","10"
"3245","1","F","7","9","F","9","10"
"3246","1","F","10","9","F","9","10"
"3247","2","F","1","9","F","9","10"
"3248","1","F","7","9","G","9","10"
"3249","1","F","10","9","G","9","10"
"3250","2","F","4","9","G","9","10"
"3251","1","F","7","9","H","9","10"
"3252","1","F","10","9","H","9","10"
"3253","2","F","7","9","H","9","10"
"3254","1","F","7","9","A","10","10"
"3255","1","F","10","9","A","10","10"
"3256","2","F","10","9","A","10","10"
"3257","1","F","7","9","B","10","10"
"3258","2","F","1","9","B","10","10"
"3259","2","F","4","9","B","10","10"
"3260","1","F","7","9","C","10","10"
"3261","2","F","1","9","C","10","10"
"3262","2","F","7","9","C","10","10"
"3263","1","F","7","9","D","10","10"
"3264","2","F","1","9","D","10","10"
"3265","2","F","10","9","D","10","10"
"3266","1","F","7","9","E","10","10"
"3267","2","F","4","9","E","10","10"
"3268","2","F","7","9","E","10","10"
"3269","1","F","7","9","F","10","10"
"3270","2","F","4","9","F","10","10"
"3271","2","F","10","9","F","10","10"
"3272","1","F","7","9","G","10","10"
"3273","2","F","7","9","G","10","10"
"3274","2","F","10","9","G","10","10"
"3275","1","F","10","9","H","10","10"
"3276","2","F","1","9","H","10","10"
"3277","2","F","4","9","H","10","10"
"3278","1","F","10","9","A","11","10"
"3279","2","F","1","9","A","11","10"
"3280","2","F","7","9","A","11","10"
"3281","1","F","10","9","B","11","10"
"3282","2","F","1","9","B","11","10"
"3283","2","F","10","9","B","11","10"
"3284","1","F","10","9","C","11","10"
"3285","2","F","4","9","C","11","10"
"3286","2","F","7","9","C","11","10"
"3287","1","F","10","9","D","11","10"
"3288","2","F","4","9","D","11","10"
"3289","2","F","10","9","D","11","10"
"3290","1","F","10","9","E","11","10"
"3291","2","F","7","9","E","11","10"
"3292","2","F","10","9","E","11","10"
"3293","2","F","1","9","F","11","10"
"3294","2","F","4","9","F","11","10"
"3295","2","F","7","9","F","11","10"
"3296","2","F","1","9","G","11","10"
"3297","2","F","4","9","G","11","10"
"3298","2","F","10","9","G","11","10"
"3299","2","F","1","9","H","11","10"
"3300","2","F","7","9","H","11","10"
"3301","2","F","10","9","H","11","10"
"3302","2","F","4","9","A","12","10"
"3303","2","F","7","9","A","12","10"
"3304","2","F","10","9","A","12","10"
"3305","1","F","1","9","B","12","10"
"3306","1","F","4","9","B","12","10"
"3307","1","F","7","9","B","12","10"
"3308","1","F","10","9","B","12","10"
"3309","1","F","1","9","C","12","10"
"3310","1","F","4","9","C","12","10"
"3311","1","F","7","9","C","12","10"
"3312","2","F","1","9","C","12","10"
"3313","1","F","1","9","D","12","10"
"3314","1","F","4","9","D","12","10"
"3315","1","F","7","9","D","12","10"
"3316","2","F","4","9","D","12","10"
"3317","1","F","1","9","E","12","10"
"3318","1","F","4","9","E","12","10"
"3319","1","F","7","9","E","12","10"
"3320","2","F","7","9","E","12","10"
"3321","1","F","1","9","F","12","10"
"3322","1","F","4","9","F","12","10"
"3323","1","F","7","9","F","12","10"
"3324","2","F","10","9","F","12","10"
"3325","1","F","1","9","G","12","10"
"3326","1","F","4","9","G","12","10"
"3327","1","F","10","9","G","12","10"
"3328","2","F","1","9","G","12","10"
"3329","1","F","1","9","H","12","10"
"3330","1","F","4","9","H","12","10"
"3331","1","F","10","9","H","12","10"
"3332","2","F","4","9","H","12","10"
"3333","1","F","1","10","A","1","10"
"3334","1","F","4","10","A","1","10"
"3335","1","F","10","10","A","1","10"
"3336","2","F","7","10","A","1","10"
"3337","1","F","1","10","B","1","10"
"3338","1","F","4","10","B","1","10"
"3339","1","F","10","10","B","1","10"
"3340","2","F","10","10","B","1","10"
"3341","1","F","1","10","C","1","10"
"3342","1","F","4","10","C","1","10"
"3343","2","F","1","10","C","1","10"
"3344","2","F","4","10","C","1","10"
"3345","1","F","1","10","D","1","10"
"3346","1","F","4","10","D","1","10"
"3347","2","F","1","10","D","1","10"
"3348","2","F","7","10","D","1","10"
"3349","1","F","1","10","E","1","10"
"3350","1","F","4","10","E","1","10"
"3351","2","F","1","10","E","1","10"
"3352","2","F","10","10","E","1","10"
"3353","1","F","1","10","F","1","10"
"3354","1","F","4","10","F","1","10"
"3355","2","F","4","10","F","1","10"
"3356","2","F","7","10","F","1","10"
"3357","1","F","1","10","G","1","10"
"3358","1","F","4","10","G","1","10"
"3359","2","F","4","10","G","1","10"
"3360","2","F","10","10","G","1","10"
"3361","1","F","1","10","H","1","10"
"3362","1","F","4","10","H","1","10"
"3363","2","F","7","10","H","1","10"
"3364","2","F","10","10","H","1","10"
"3365","1","F","1","10","A","2","10"
"3366","1","F","7","10","A","2","10"
"3367","1","F","10","10","A","2","10"
"3368","2","F","1","10","A","2","10"
"3369","1","F","1","10","B","2","10"
"3370","1","F","7","10","B","2","10"
"3371","1","F","10","10","B","2","10"
"3372","2","F","4","10","B","2","10"
"3373","1","F","1","10","C","2","10"
"3374","1","F","7","10","C","2","10"
"3375","1","F","10","10","C","2","10"
"3376","2","F","7","10","C","2","10"
"3377","1","F","1","10","D","2","10"
"3378","1","F","7","10","D","2","10"
"3379","1","F","10","10","D","2","10"
"3380","2","F","10","10","D","2","10"
"3381","1","F","1","10","E","2","10"
"3382","1","F","7","10","E","2","10"
"3383","2","F","1","10","E","2","10"
"3384","2","F","4","10","E","2","10"
"3385","1","F","1","10","F","2","10"
"3386","1","F","7","10","F","2","10"
"3387","2","F","1","10","F","2","10"
"3388","2","F","7","10","F","2","10"
"3389","1","F","1","10","G","2","10"
"3390","1","F","7","10","G","2","10"
"3391","2","F","1","10","G","2","10"
"3392","2","F","10","10","G","2","10"
"3393","1","F","1","10","H","2","10"
"3394","1","F","7","10","H","2","10"
"3395","2","F","4","10","H","2","10"
"3396","2","F","7","10","H","2","10"
"3397","1","F","1","10","A","3","10"
"3398","1","F","7","10","A","3","10"
"3399","2","F","4","10","A","3","10"
"3400","2","F","10","10","A","3","10"
"3401","1","F","1","10","B","3","10"
"3402","1","F","7","10","B","3","10"
"3403","2","F","7","10","B","3","10"
"3404","2","F","10","10","B","3","10"
"3405","1","F","1","10","C","3","10"
"3406","1","F","10","10","C","3","10"
"3407","2","F","1","10","C","3","10"
"3408","2","F","4","10","C","3","10"
"3409","1","F","1","10","D","3","10"
"3410","1","F","10","10","D","3","10"
"3411","2","F","1","10","D","3","10"
"3412","2","F","7","10","D","3","10"
"3413","1","F","1","10","E","3","10"
"3414","1","F","10","10","E","3","10"
"3415","2","F","1","10","E","3","10"
"3416","2","F","10","10","E","3","10"
"3417","1","F","1","10","F","3","10"
"3418","1","F","10","10","F","3","10"
"3419","2","F","4","10","F","3","10"
"3420","2","F","7","10","F","3","10"
"3421","1","F","1","10","G","3","10"
"3422","1","F","10","10","G","3","10"
"3423","2","F","4","10","G","3","10"
"3424","2","F","10","10","G","3","10"
"3425","1","F","1","10","H","3","10"
"3426","1","F","10","10","H","3","10"
"3427","2","F","7","10","H","3","10"
"3428","2","F","10","10","H","3","10"
"3429","1","G","1","10","A","4","10"
"3430","2","F","1","10","A","4","10"
"3431","2","F","4","10","A","4","10"
"3432","2","F","7","10","A","4","10"
"3433","1","G","1","10","B","4","10"
"3434","2","F","1","10","B","4","10"
"3435","2","F","4","10","B","4","10"
"3436","2","F","10","10","B","4","10"
"3437","1","G","1","10","C","4","10"
"3438","2","F","1","10","C","4","10"
"3439","2","F","7","10","C","4","10"
"3440","2","F","10","10","C","4","10"
"3441","1","G","1","10","D","4","10"
"3442","2","F","4","10","D","4","10"
"3443","2","F","7","10","D","4","10"
"3444","2","F","10","10","D","4","10"
"3445","1","F","4","10","E","4","10"
"3446","1","F","7","10","E","4","10"
"3447","1","F","10","10","E","4","10"
"3448","2","F","1","10","E","4","10"
"3449","1","F","4","10","F","4","10"
"3450","1","F","7","10","F","4","10"
"3451","1","F","10","10","F","4","10"
"3452","2","F","4","10","F","4","10"
"3453","1","F","4","10","G","4","10"
"3454","1","F","7","10","G","4","10"
"3455","1","F","10","10","G","4","10"
"3456","2","F","7","10","G","4","10"
"3457","1","F","4","10","H","4","10"
"3458","1","F","7","10","H","4","10"
"3459","1","F","10","10","H","4","10"
"3460","2","F","10","10","H","4","10"
"3461","1","F","4","10","A","5","10"
"3462","1","F","7","10","A","5","10"
"3463","2","F","1","10","A","5","10"
"3464","2","F","4","10","A","5","10"
"3465","1","F","4","10","B","5","10"
"3466","1","F","7","10","B","5","10"
"3467","2","F","1","10","B","5","10"
"3468","2","F","7","10","B","5","10"
"3469","1","F","4","10","C","5","10"
"3470","1","F","7","10","C","5","10"
"3471","2","F","1","10","C","5","10"
"3472","2","F","10","10","C","5","10"
"3473","1","F","4","10","D","5","10"
"3474","1","F","7","10","D","5","10"
"3475","2","F","4","10","D","5","10"
"3476","2","F","7","10","D","5","10"
"3477","1","F","4","10","E","5","10"
"3478","1","F","7","10","E","5","10"
"3479","2","F","4","10","E","5","10"
"3480","2","F","10","10","E","5","10"
"3481","1","F","4","10","F","5","10"
"3482","1","F","7","10","F","5","10"
"3483","2","F","7","10","F","5","10"
"3484","2","F","10","10","F","5","10"
"3485","1","F","4","10","G","5","10"
"3486","1","F","10","10","G","5","10"
"3487","2","F","1","10","G","5","10"
"3488","2","F","4","10","G","5","10"
"3489","1","F","4","10","H","5","10"
"3490","1","F","10","10","H","5","10"
"3491","2","F","1","10","H","5","10"
"3492","2","F","7","10","H","5","10"
"3493","1","F","4","10","A","6","10"
"3494","1","F","10","10","A","6","10"
"3495","2","F","1","10","A","6","10"
"3496","2","F","10","10","A","6","10"
"3497","1","F","4","10","B","6","10"
"3498","1","F","10","10","B","6","10"
"3499","2","F","4","10","B","6","10"
"3500","2","F","7","10","B","6","10"
"3501","1","F","4","10","C","6","10"
"3502","1","F","10","10","C","6","10"
"3503","2","F","4","10","C","6","10"
"3504","2","F","10","10","C","6","10"
"3505","1","F","4","10","D","6","10"
"3506","1","F","10","10","D","6","10"
"3507","2","F","7","10","D","6","10"
"3508","2","F","10","10","D","6","10"
"3509","1","G","4","10","E","6","10"
"3510","2","F","1","10","E","6","10"
"3511","2","F","4","10","E","6","10"
"3512","2","F","7","10","E","6","10"
"3513","1","G","4","10","F","6","10"
"3514","2","F","1","10","F","6","10"
"3515","2","F","4","10","F","6","10"
"3516","2","F","10","10","F","6","10"
"3517","1","G","4","10","G","6","10"
"3518","2","F","1","10","G","6","10"
"3519","2","F","7","10","G","6","10"
"3520","2","F","10","10","G","6","10"
"3521","1","G","4","10","H","6","10"
"3522","2","F","4","10","H","6","10"
"3523","2","F","7","10","H","6","10"
"3524","2","F","10","10","H","6","10"
"3525","1","F","7","10","A","7","10"
"3526","1","F","10","10","A","7","10"
"3527","2","F","1","10","A","7","10"
"3528","2","F","4","10","A","7","10"
"3529","1","F","7","10","B","7","10"
"3530","1","F","10","10","B","7","10"
"3531","2","F","1","10","B","7","10"
"3532","2","F","7","10","B","7","10"
"3533","1","F","7","10","C","7","10"
"3534","1","F","10","10","C","7","10"
"3535","2","F","1","10","C","7","10"
"3536","2","F","10","10","C","7","10"
"3537","1","F","7","10","D","7","10"
"3538","1","F","10","10","D","7","10"
"3539","2","F","4","10","D","7","10"
"3540","2","F","7","10","D","7","10"
"3541","1","F","7","10","E","7","10"
"3542","1","F","10","10","E","7","10"
"3543","2","F","4","10","E","7","10"
"3544","2","F","10","10","E","7","10"
"3545","1","F","7","10","F","7","10"
"3546","1","F","10","10","F","7","10"
"3547","2","F","7","10","F","7","10"
"3548","2","F","10","10","F","7","10"
"3549","1","G","7","10","G","7","10"
"3550","2","F","1","10","G","7","10"
"3551","2","F","4","10","G","7","10"
"3552","2","F","7","10","G","7","10"
"3553","1","G","7","10","H","7","10"
"3554","2","F","1","10","H","7","10"
"3555","2","F","4","10","H","7","10"
"3556","2","F","10","10","H","7","10"
"3557","1","G","7","10","A","8","10"
"3558","2","F","1","10","A","8","10"
"3559","2","F","7","10","A","8","10"
"3560","2","F","10","10","A","8","10"
"3561","1","G","7","10","B","8","10"
"3562","2","F","4","10","B","8","10"
"3563","2","F","7","10","B","8","10"
"3564","2","F","10","10","B","8","10"
"3565","1","G","10","10","C","8","10"
"3566","2","G","1","10","C","8","10"
"3567","2","G","4","10","C","8","10"
"3568","2","G","7","10","C","8","10"
"3569","1","G","10","10","D","8","10"
"3570","2","G","1","10","D","8","10"
"3571","2","G","4","10","D","8","10"
"3572","2","G","10","10","D","8","10"
"3573","1","G","10","10","E","8","10"
"3574","2","G","1","10","E","8","10"
"3575","2","G","7","10","E","8","10"
"3576","2","G","10","10","E","8","10"
"3577","1","G","10","10","F","8","10"
"3578","2","G","4","10","F","8","10"
"3579","2","G","7","10","F","8","10"
"3580","2","G","10","10","F","8","10"
"3581","2","G","1","10","G","8","10"
"3582","2","G","4","10","G","8","10"
"3583","2","G","7","10","G","8","10"
"3584","2","G","10","10","G","8","10"
"3585","1","G","1","10","H","8","10"
"3586","1","G","4","10","H","8","10"
"3587","1","G","7","10","H","8","10"
"3588","1","G","10","10","H","8","10"
"3589","2","G","1","10","H","8","10"
"3590","1","G","1","10","A","9","10"
"3591","1","G","4","10","A","9","10"
"3592","1","G","7","10","A","9","10"
"3593","1","G","10","10","A","9","10"
"3594","2","G","4","10","A","9","10"
"3595","1","G","1","10","B","9","10"
"3596","1","G","4","10","B","9","10"
"3597","1","G","7","10","B","9","10"
"3598","1","G","10","10","B","9","10"
"3599","2","G","7","10","B","9","10"
"3600","1","G","1","10","C","9","10"
"3601","1","G","4","10","C","9","10"
"3602","1","G","7","10","C","9","10"
"3603","1","G","10","10","C","9","10"
"3604","2","G","10","10","C","9","10"
"3605","1","G","1","10","D","9","10"
"3606","1","G","4","10","D","9","10"
"3607","1","G","7","10","D","9","10"
"3608","2","G","1","10","D","9","10"
"3609","2","G","4","10","D","9","10"
"3610","1","G","1","10","E","9","10"
"3611","1","G","4","10","E","9","10"
"3612","1","G","7","10","E","9","10"
"3613","2","G","1","10","E","9","10"
"3614","2","G","7","10","E","9","10"
"3615","1","G","1","10","F","9","10"
"3616","1","G","4","10","F","9","10"
"3617","1","G","7","10","F","9","10"
"3618","2","G","1","10","F","9","10"
"3619","2","G","10","10","F","9","10"
"3620","1","G","1","10","G","9","10"
"3621","1","G","4","10","G","9","10"
"3622","1","G","7","10","G","9","10"
"3623","2","G","4","10","G","9","10"
"3624","2","G","7","10","G","9","10"
"3625","1","G","1","10","H","9","10"
"3626","1","G","4","10","H","9","10"
"3627","1","G","7","10","H","9","10"
"3628","2","G","4","10","H","9","10"
"3629","2","G","10","10","H","9","10"
"3630","1","G","1","10","A","10","10"
"3631","1","G","4","10","A","10","10"
"3632","1","G","7","10","A","10","10"
"3633","2","G","7","10","A","10","10"
"3634","2","G","10","10","A","10","10"
"3635","1","G","1","10","B","10","10"
"3636","1","G","4","10","B","10","10"
"3637","1","G","10","10","B","10","10"
"3638","2","G","1","10","B","10","10"
"3639","2","G","4","10","B","10","10"
"3640","1","G","1","10","C","10","10"
"3641","1","G","4","10","C","10","10"
"3642","1","G","10","10","C","10","10"
"3643","2","G","1","10","C","10","10"
"3644","2","G","7","10","C","10","10"
"3645","1","G","1","10","D","10","10"
"3646","1","G","4","10","D","10","10"
"3647","1","G","10","10","D","10","10"
"3648","2","G","1","10","D","10","10"
"3649","2","G","10","10","D","10","10"
"3650","1","G","1","10","E","10","10"
"3651","1","G","4","10","E","10","10"
"3652","1","G","10","10","E","10","10"
"3653","2","G","4","10","E","10","10"
"3654","2","G","7","10","E","10","10"
"3655","1","G","1","10","F","10","10"
"3656","1","G","4","10","F","10","10"
"3657","1","G","10","10","F","10","10"
"3658","2","G","4","10","F","10","10"
"3659","2","G","10","10","F","10","10"
"3660","1","G","1","10","G","10","10"
"3661","1","G","4","10","G","10","10"
"3662","1","G","10","10","G","10","10"
"3663","2","G","7","10","G","10","10"
"3664","2","G","10","10","G","10","10"
"3665","1","G","1","10","H","10","10"
"3666","1","G","4","10","H","10","10"
"3667","2","G","1","10","H","10","10"
"3668","2","G","4","10","H","10","10"
"3669","2","G","7","10","H","10","10"
"3670","1","G","1","10","A","11","10"
"3671","1","G","4","10","A","11","10"
"3672","2","G","1","10","A","11","10"
"3673","2","G","4","10","A","11","10"
"3674","2","G","10","10","A","11","10"
"3675","1","G","1","10","B","11","10"
"3676","1","G","4","10","B","11","10"
"3677","2","G","1","10","B","11","10"
"3678","2","G","7","10","B","11","10"
"3679","2","G","10","10","B","11","10"
"3680","1","G","1","10","C","11","10"
"3681","1","G","4","10","C","11","10"
"3682","2","G","4","10","C","11","10"
"3683","2","G","7","10","C","11","10"
"3684","2","G","10","10","C","11","10"
"3685","1","G","1","10","D","11","10"
"3686","1","G","7","10","D","11","10"
"3687","1","G","10","10","D","11","10"
"3688","2","G","1","10","D","11","10"
"3689","2","G","4","10","D","11","10"
"3690","1","G","1","10","E","11","10"
"3691","1","G","7","10","E","11","10"
"3692","1","G","10","10","E","11","10"
"3693","2","G","1","10","E","11","10"
"3694","2","G","7","10","E","11","10"
"3695","1","G","1","10","F","11","10"
"3696","1","G","7","10","F","11","10"
"3697","1","G","10","10","F","11","10"
"3698","2","G","1","10","F","11","10"
"3699","2","G","10","10","F","11","10"
"3700","1","G","1","10","G","11","10"
"3701","1","G","7","10","G","11","10"
"3702","1","G","10","10","G","11","10"
"3703","2","G","4","10","G","11","10"
"3704","2","G","7","10","G","11","10"
"3705","1","G","1","10","H","11","10"
"3706","1","G","7","10","H","11","10"
"3707","1","G","10","10","H","11","10"
"3708","2","G","4","10","H","11","10"
"3709","2","G","10","10","H","11","10"
"3710","1","G","1","10","A","12","10"
"3711","1","G","7","10","A","12","10"
"3712","1","G","10","10","A","12","10"
"3713","2","G","7","10","A","12","10"
"3714","2","G","10","10","A","12","10"
"3715","1","G","1","10","B","12","10"
"3716","1","G","7","10","B","12","10"
"3717","2","G","1","10","B","12","10"
"3718","2","G","4","10","B","12","10"
"3719","2","G","7","10","B","12","10"
"3720","1","G","1","10","C","12","10"
"3721","1","G","7","10","C","12","10"
"3722","2","G","1","10","C","12","10"
"3723","2","G","4","10","C","12","10"
"3724","2","G","10","10","C","12","10"
"3725","1","G","1","10","D","12","10"
"3726","1","G","7","10","D","12","10"
"3727","2","G","1","10","D","12","10"
"3728","2","G","7","10","D","12","10"
"3729","2","G","10","10","D","12","10"
"3730","1","G","1","10","E","12","10"
"3731","1","G","7","10","E","12","10"
"3732","2","G","4","10","E","12","10"
"3733","2","G","7","10","E","12","10"
"3734","2","G","10","10","E","12","10"
"3735","1","G","1","10","F","12","10"
"3736","1","G","10","10","F","12","10"
"3737","2","G","1","10","F","12","10"
"3738","2","G","4","10","F","12","10"
"3739","2","G","7","10","F","12","10"
"3740","1","G","1","10","G","12","10"
"3741","1","G","10","10","G","12","10"
"3742","2","G","1","10","G","12","10"
"3743","2","G","4","10","G","12","10"
"3744","2","G","10","10","G","12","10"
"3745","1","G","1","10","H","12","10"
"3746","1","G","10","10","H","12","10"
"3747","2","G","1","10","H","12","10"
"3748","2","G","7","10","H","12","10"
"3749","2","G","10","10","H","12","10"
"3750","1","G","1","11","A","1","10"
"3751","1","G","10","11","A","1","10"
"3752","2","G","4","11","A","1","10"
"3753","2","G","7","11","A","1","10"
"3754","2","G","10","11","A","1","10"
"3755","1","G","1","11","B","1","10"
"3756","2","G","1","11","B","1","10"
"3757","2","G","4","11","B","1","10"
"3758","2","G","7","11","B","1","10"
"3759","2","G","10","11","B","1","10"
"3760","1","G","4","11","C","1","10"
"3761","1","G","7","11","C","1","10"
"3762","1","G","10","11","C","1","10"
"3763","2","G","1","11","C","1","10"
"3764","2","G","4","11","C","1","10"
"3765","1","G","4","11","D","1","10"
"3766","1","G","7","11","D","1","10"
"3767","1","G","10","11","D","1","10"
"3768","2","G","1","11","D","1","10"
"3769","2","G","7","11","D","1","10"
"3770","1","G","4","11","E","1","10"
"3771","1","G","7","11","E","1","10"
"3772","1","G","10","11","E","1","10"
"3773","2","G","1","11","E","1","10"
"3774","2","G","10","11","E","1","10"
"3775","1","G","4","11","F","1","10"
"3776","1","G","7","11","F","1","10"
"3777","1","G","10","11","F","1","10"
"3778","2","G","4","11","F","1","10"
"3779","2","G","7","11","F","1","10"
"3780","1","G","4","11","G","1","10"
"3781","1","G","7","11","G","1","10"
"3782","1","G","10","11","G","1","10"
"3783","2","G","4","11","G","1","10"
"3784","2","G","10","11","G","1","10"
"3785","1","G","4","11","H","1","10"
"3786","1","G","7","11","H","1","10"
"3787","1","G","10","11","H","1","10"
"3788","2","G","7","11","H","1","10"
"3789","2","G","10","11","H","1","10"
"3790","1","G","4","11","A","2","10"
"3791","1","G","7","11","A","2","10"
"3792","2","G","1","11","A","2","10"
"3793","2","G","4","11","A","2","10"
"3794","2","G","7","11","A","2","10"
"3795","1","G","4","11","B","2","10"
"3796","1","G","7","11","B","2","10"
"3797","2","G","1","11","B","2","10"
"3798","2","G","4","11","B","2","10"
"3799","2","G","10","11","B","2","10"
"3800","1","G","4","11","C","2","10"
"3801","1","G","7","11","C","2","10"
"3802","2","G","1","11","C","2","10"
"3803","2","G","7","11","C","2","10"
"3804","2","G","10","11","C","2","10"
"3805","1","G","4","11","D","2","10"
"3806","1","G","7","11","D","2","10"
"3807","2","G","4","11","D","2","10"
"3808","2","G","7","11","D","2","10"
"3809","2","G","10","11","D","2","10"
"3810","1","G","4","11","E","2","10"
"3811","1","G","10","11","E","2","10"
"3812","2","G","1","11","E","2","10"
"3813","2","G","4","11","E","2","10"
"3814","2","G","7","11","E","2","10"
"3815","1","G","4","11","F","2","10"
"3816","1","G","10","11","F","2","10"
"3817","2","G","1","11","F","2","10"
"3818","2","G","4","11","F","2","10"
"3819","2","G","10","11","F","2","10"
"3820","1","G","4","11","G","2","10"
"3821","1","G","10","11","G","2","10"
"3822","2","G","1","11","G","2","10"
"3823","2","G","7","11","G","2","10"
"3824","2","G","10","11","G","2","10"
"3825","1","G","4","11","H","2","10"
"3826","1","G","10","11","H","2","10"
"3827","2","G","4","11","H","2","10"
"3828","2","G","7","11","H","2","10"
"3829","2","G","10","11","H","2","10"
"3830","1","G","4","11","A","3","10"
"3831","2","G","1","11","A","3","10"
"3832","2","G","4","11","A","3","10"
"3833","2","G","7","11","A","3","10"
"3834","2","G","10","11","A","3","10"
"3835","1","G","7","11","B","3","10"
"3836","1","G","10","11","B","3","10"
"3837","2","G","1","11","B","3","10"
"3838","2","G","4","11","B","3","10"
"3839","2","G","7","11","B","3","10"
"3840","1","G","7","11","C","3","10"
"3841","1","G","10","11","C","3","10"
"3842","2","G","1","11","C","3","10"
"3843","2","G","4","11","C","3","10"
"3844","2","G","10","11","C","3","10"
"3845","1","G","7","11","D","3","10"
"3846","1","G","10","11","D","3","10"
"3847","2","G","1","11","D","3","10"
"3848","2","G","7","11","D","3","10"
"3849","2","G","10","11","D","3","10"
"3850","1","G","7","11","E","3","10"
"3851","1","G","10","11","E","3","10"
"3852","2","G","4","11","E","3","10"
"3853","2","G","7","11","E","3","10"
"3854","2","G","10","11","E","3","10"
"3855","1","G","7","11","F","3","10"
"3856","2","G","1","11","F","3","10"
"3857","2","G","4","11","F","3","10"
"3858","2","G","7","11","F","3","10"
"3859","2","G","10","11","F","3","10"
"3860","1","G","10","11","G","3","10"
"3861","2","G","1","11","G","3","10"
"3862","2","G","4","11","G","3","10"
"3863","2","G","7","11","G","3","10"
"3864","2","G","10","11","G","3","10"
"3865","1","G","1","11","H","3","10"
"3866","1","G","4","11","H","3","10"
"3867","1","G","7","11","H","3","10"
"3868","1","G","10","11","H","3","10"
"3869","2","G","1","11","H","3","10"
"3870","2","G","4","11","H","3","10"
"3871","1","G","1","11","A","4","10"
"3872","1","G","4","11","A","4","10"
"3873","1","G","7","11","A","4","10"
"3874","1","G","10","11","A","4","10"
"3875","2","G","1","11","A","4","10"
"3876","2","G","7","11","A","4","10"
"3877","1","G","1","11","B","4","10"
"3878","1","G","4","11","B","4","10"
"3879","1","G","7","11","B","4","10"
"3880","1","G","10","11","B","4","10"
"3881","2","G","1","11","B","4","10"
"3882","2","G","10","11","B","4","10"
"3883","1","G","1","11","C","4","10"
"3884","1","G","4","11","C","4","10"
"3885","1","G","7","11","C","4","10"
"3886","1","G","10","11","C","4","10"
"3887","2","G","4","11","C","4","10"
"3888","2","G","7","11","C","4","10"
"3889","1","G","1","11","D","4","10"
"3890","1","G","4","11","D","4","10"
"3891","1","G","7","11","D","4","10"
"3892","1","G","10","11","D","4","10"
"3893","2","G","4","11","D","4","10"
"3894","2","G","10","11","D","4","10"
"3895","1","G","1","11","E","4","10"
"3896","1","G","4","11","E","4","10"
"3897","1","G","7","11","E","4","10"
"3898","1","G","10","11","E","4","10"
"3899","2","G","7","11","E","4","10"
"3900","2","G","10","11","E","4","10"
"3901","1","G","1","11","F","4","10"
"3902","1","G","4","11","F","4","10"
"3903","1","G","7","11","F","4","10"
"3904","2","G","1","11","F","4","10"
"3905","2","G","4","11","F","4","10"
"3906","2","G","7","11","F","4","10"
"3907","1","G","1","11","G","4","10"
"3908","1","G","4","11","G","4","10"
"3909","1","G","7","11","G","4","10"
"3910","2","G","1","11","G","4","10"
"3911","2","G","4","11","G","4","10"
"3912","2","G","10","11","G","4","10"
"3913","1","G","1","11","H","4","10"
"3914","1","G","4","11","H","4","10"
"3915","1","G","7","11","H","4","10"
"3916","2","G","1","11","H","4","10"
"3917","2","G","7","11","H","4","10"
"3918","2","G","10","11","H","4","10"
"3919","1","G","1","11","A","5","10"
"3920","1","G","4","11","A","5","10"
"3921","1","G","7","11","A","5","10"
"3922","2","G","4","11","A","5","10"
"3923","2","G","7","11","A","5","10"
"3924","2","G","10","11","A","5","10"
"3925","1","G","1","11","B","5","10"
"3926","1","G","4","11","B","5","10"
"3927","1","G","10","11","B","5","10"
"3928","2","G","1","11","B","5","10"
"3929","2","G","4","11","B","5","10"
"3930","2","G","7","11","B","5","10"
"3931","1","G","1","11","C","5","10"
"3932","1","G","4","11","C","5","10"
"3933","1","G","10","11","C","5","10"
"3934","2","G","1","11","C","5","10"
"3935","2","G","4","11","C","5","10"
"3936","2","G","10","11","C","5","10"
"3937","1","G","1","11","D","5","10"
"3938","1","G","4","11","D","5","10"
"3939","1","G","10","11","D","5","10"
"3940","2","G","1","11","D","5","10"
"3941","2","G","7","11","D","5","10"
"3942","2","G","10","11","D","5","10"
"3943","1","G","1","11","E","5","10"
"3944","1","G","4","11","E","5","10"
"3945","1","G","10","11","E","5","10"
"3946","2","G","4","11","E","5","10"
"3947","2","G","7","11","E","5","10"
"3948","2","G","10","11","E","5","10"
"3949","1","G","1","11","F","5","10"
"3950","1","G","4","11","F","5","10"
"3951","2","G","1","11","F","5","10"
"3952","2","G","4","11","F","5","10"
"3953","2","G","7","11","F","5","10"
"3954","2","G","10","11","F","5","10"
"3955","1","G","1","11","G","5","10"
"3956","1","G","7","11","G","5","10"
"3957","1","G","10","11","G","5","10"
"3958","2","G","1","11","G","5","10"
"3959","2","G","4","11","G","5","10"
"3960","2","G","7","11","G","5","10"
"3961","1","G","1","11","H","5","10"
"3962","1","G","7","11","H","5","10"
"3963","1","G","10","11","H","5","10"
"3964","2","G","1","11","H","5","10"
"3965","2","G","4","11","H","5","10"
"3966","2","G","10","11","H","5","10"
"3967","1","G","1","11","A","6","10"
"3968","1","G","7","11","A","6","10"
"3969","1","G","10","11","A","6","10"
"3970","2","G","1","11","A","6","10"
"3971","2","G","7","11","A","6","10"
"3972","2","G","10","11","A","6","10"
"3973","1","G","1","11","B","6","10"
"3974","1","G","7","11","B","6","10"
"3975","1","G","10","11","B","6","10"
"3976","2","G","4","11","B","6","10"
"3977","2","G","7","11","B","6","10"
"3978","2","G","10","11","B","6","10"
"3979","1","G","1","11","C","6","10"
"3980","1","G","7","11","C","6","10"
"3981","2","G","1","11","C","6","10"
"3982","2","G","4","11","C","6","10"
"3983","2","G","7","11","C","6","10"
"3984","2","G","10","11","C","6","10"
"3985","1","G","1","11","D","6","10"
"3986","1","G","10","11","D","6","10"
"3987","2","G","1","11","D","6","10"
"3988","2","G","4","11","D","6","10"
"3989","2","G","7","11","D","6","10"
"3990","2","G","10","11","D","6","10"
"3991","1","G","4","11","E","6","10"
"3992","1","G","7","11","E","6","10"
"3993","1","G","10","11","E","6","10"
"3994","2","G","1","11","E","6","10"
"3995","2","G","4","11","E","6","10"
"3996","2","G","7","11","E","6","10"
"3997","1","G","4","11","F","6","10"
"3998","1","G","7","11","F","6","10"
"3999","1","G","10","11","F","6","10"
"4000","2","G","1","11","F","6","10"
"4001","2","G","4","11","F","6","10"
"4002","2","G","10","11","F","6","10"
"4003","1","G","4","11","G","6","10"
"4004","1","G","7","11","G","6","10"
"4005","1","G","10","11","G","6","10"
"4006","2","G","1","11","G","6","10"
"4007","2","G","7","11","G","6","10"
"4008","2","G","10","11","G","6","10"
"4009","1","G","4","11","H","6","10"
"4010","1","G","7","11","H","6","10"
"4011","1","G","10","11","H","6","10"
"4012","2","G","4","11","H","6","10"
"4013","2","G","7","11","H","6","10"
"4014","2","G","10","11","H","6","10"
"4015","1","G","4","11","A","7","10"
"4016","1","G","7","11","A","7","10"
"4017","2","G","1","11","A","7","10"
"4018","2","G","4","11","A","7","10"
"4019","2","G","7","11","A","7","10"
"4020","2","G","10","11","A","7","10"
"4021","1","G","4","11","B","7","10"
"4022","1","G","10","11","B","7","10"
"4023","2","G","1","11","B","7","10"
"4024","2","G","4","11","B","7","10"
"4025","2","G","7","11","B","7","10"
"4026","2","G","10","11","B","7","10"
"4027","1","G","7","11","C","7","10"
"4028","1","G","10","11","C","7","10"
"4029","2","G","1","11","C","7","10"
"4030","2","G","4","11","C","7","10"
"4031","2","G","7","11","C","7","10"
"4032","2","G","10","11","C","7","10"
"4033","1","G","1","11","D","7","10"
"4034","1","G","4","11","D","7","10"
"4035","1","G","7","11","D","7","10"
"4036","1","G","10","11","D","7","10"
"4037","2","G","1","11","D","7","10"
"4038","2","G","4","11","D","7","10"
"4039","2","G","7","11","D","7","10"
"4040","1","G","1","11","E","7","10"
"4041","1","G","4","11","E","7","10"
"4042","1","G","7","11","E","7","10"
"4043","1","G","10","11","E","7","10"
"4044","2","G","1","11","E","7","10"
"4045","2","G","4","11","E","7","10"
"4046","2","G","10","11","E","7","10"
"4047","1","G","1","11","F","7","10"
"4048","1","G","4","11","F","7","10"
"4049","1","G","7","11","F","7","10"
"4050","1","G","10","11","F","7","10"
"4051","2","G","1","11","F","7","10"
"4052","2","G","7","11","F","7","10"
"4053","2","G","10","11","F","7","10"
"4054","1","G","1","11","G","7","10"
"4055","1","G","4","11","G","7","10"
"4056","1","G","7","11","G","7","10"
"4057","1","G","10","11","G","7","10"
"4058","2","G","4","11","G","7","10"
"4059","2","G","7","11","G","7","10"
"4060","2","G","10","11","G","7","10"
"4061","1","G","1","11","H","7","10"
"4062","1","G","4","11","H","7","10"
"4063","1","G","7","11","H","7","10"
"4064","2","G","1","11","H","7","10"
"4065","2","G","4","11","H","7","10"
"4066","2","G","7","11","H","7","10"
"4067","2","G","10","11","H","7","10"
"4068","1","G","1","11","A","8","10"
"4069","1","G","4","11","A","8","10"
"4070","1","G","10","11","A","8","10"
"4071","2","G","1","11","A","8","10"
"4072","2","G","4","11","A","8","10"
"4073","2","G","7","11","A","8","10"
"4074","2","G","10","11","A","8","10"
"4075","1","G","1","11","B","8","10"
"4076","1","G","7","11","B","8","10"
"4077","1","G","10","11","B","8","10"
"4078","2","G","1","11","B","8","10"
"4079","2","G","4","11","B","8","10"
"4080","2","G","7","11","B","8","10"
"4081","2","G","10","11","B","8","10"
"4082","1","G","4","11","C","8","10"
"4083","1","G","7","11","C","8","10"
"4084","1","G","10","11","C","8","10"
"4085","2","G","1","11","C","8","10"
"4086","2","G","4","11","C","8","10"
"4087","2","G","7","11","C","8","10"
"4088","2","G","10","11","C","8","10"
"4089","1","G","1","11","D","8","10"
"4090","1","G","4","11","D","8","10"
"4091","1","G","7","11","D","8","10"
"4092","1","G","10","11","D","8","10"
"4093","2","G","1","11","D","8","10"
"4094","2","G","4","11","D","8","10"
"4095","2","G","7","11","D","8","10"
"4096","2","G","10","11","D","8","10"
"4097","1","G","1","11","E","8","10"
"4098","1","G","4","11","F","8","10"
"4099","1","G","7","11","G","8","10"
"4100","1","G","10","11","H","8","10"
"4101","2","G","1","11","A","9","10"
"4102","2","G","4","11","B","9","10"
"4103","2","G","7","11","C","9","10"
"4104","2","G","10","11","D","9","10"
"4105","1","G","1","11","E","9","10"
"4106","1","G","4","11","E","9","10"
"4107","1","G","1","11","F","9","10"
"4108","1","G","7","11","F","9","10"
"4109","1","G","1","11","G","9","10"
"4110","1","G","10","11","G","9","10"
"4111","1","G","1","11","H","9","10"
"4112","2","G","1","11","H","9","10"
"4113","1","G","1","11","A","10","10"
"4114","2","G","4","11","A","10","10"
"4115","1","H","1","11","B","10","10"
"4116","2","G","7","11","B","10","10"
"4117","1","H","1","11","C","10","10"
"4118","2","G","10","11","C","10","10"
"4119","1","G","4","11","D","10","10"
"4120","1","G","7","11","D","10","10"
"4121","1","G","4","11","E","10","10"
"4122","1","G","10","11","E","10","10"
"4123","1","G","4","11","F","10","10"
"4124","2","G","1","11","F","10","10"
"4125","1","G","4","11","G","10","10"
"4126","2","G","4","11","G","10","10"
"4127","1","H","4","11","H","10","10"
"4128","2","G","7","11","H","10","10"
"4129","1","H","4","11","A","11","10"
"4130","2","G","10","11","A","11","10"
"4131","1","G","7","11","B","11","10"
"4132","1","G","10","11","B","11","10"
"4133","1","G","7","11","C","11","10"
"4134","2","G","1","11","C","11","10"
"4135","1","G","7","11","D","11","10"
"4136","2","G","4","11","D","11","10"
"4137","1","H","7","11","E","11","10"
"4138","2","G","7","11","E","11","10"
"4139","1","H","7","11","F","11","10"
"4140","2","G","10","11","F","11","10"
"4141","1","G","10","11","G","11","10"
"4142","2","G","1","11","G","11","10"
"4143","1","G","10","11","H","11","10"
"4144","2","G","4","11","H","11","10"
"4145","1","H","10","11","A","12","10"
"4146","2","G","7","11","A","12","10"
"4147","1","H","10","11","B","12","10"
"4148","2","G","10","11","B","12","10"
"4149","2","G","1","11","C","12","10"
"4150","2","G","4","11","C","12","10"
"4151","2","H","1","11","D","12","10"
"4152","2","G","7","11","D","12","10"
"4153","2","H","1","11","E","12","10"
"4154","2","G","10","11","E","12","10"
"4155","2","H","4","11","F","12","10"
"4156","2","H","7","11","F","12","10"
"4157","2","H","4","11","G","12","10"
"4158","2","H","10","11","G","12","10"
"4159","2","H","7","11","H","12","10"
"4160","2","H","10","11","H","12","10"
"4161","1","H","1","12","A","1","10"
"4162","1","H","4","12","A","1","10"
"4163","1","H","7","12","A","1","10"
"4164","1","H","1","12","B","1","10"
"4165","1","H","4","12","B","1","10"
"4166","1","H","10","12","B","1","10"
"4167","1","H","1","12","C","1","10"
"4168","1","H","4","12","C","1","10"
"4169","2","H","1","12","C","1","10"
"4170","1","H","1","12","D","1","10"
"4171","1","H","4","12","D","1","10"
"4172","2","H","4","12","D","1","10"
"4173","1","H","1","12","E","1","10"
"4174","1","H","4","12","E","1","10"
"4175","2","H","7","12","E","1","10"
"4176","1","H","1","12","F","1","10"
"4177","1","H","4","12","F","1","10"
"4178","2","H","10","12","F","1","10"
"4179","1","H","1","12","G","1","10"
"4180","1","H","7","12","G","1","10"
"4181","1","H","10","12","G","1","10"
"4182","1","H","1","12","H","1","10"
"4183","1","H","7","12","H","1","10"
"4184","2","H","1","12","H","1","10"
"4185","1","H","1","12","A","2","10"
"4186","1","H","7","12","A","2","10"
"4187","2","H","4","12","A","2","10"
"4188","1","H","1","12","B","2","10"
"4189","1","H","7","12","B","2","10"
"4190","2","H","7","12","B","2","10"
"4191","1","H","1","12","C","2","10"
"4192","1","H","7","12","C","2","10"
"4193","2","H","10","12","C","2","10"
"4194","1","H","1","12","D","2","10"
"4195","1","H","10","12","D","2","10"
"4196","2","H","1","12","D","2","10"
"4197","1","H","1","12","E","2","10"
"4198","1","H","10","12","E","2","10"
"4199","2","H","4","12","E","2","10"
"4200","1","H","1","12","F","2","10"
"4201","1","H","10","12","F","2","10"
"4202","2","H","7","12","F","2","10"
"4203","1","H","1","12","G","2","10"
"4204","1","H","10","12","G","2","10"
"4205","2","H","10","12","G","2","10"
"4206","1","H","1","12","H","2","10"
"4207","2","H","1","12","H","2","10"
"4208","2","H","4","12","H","2","10"
"4209","1","H","1","12","A","3","10"
"4210","2","H","1","12","A","3","10"
"4211","2","H","7","12","A","3","10"
"4212","1","H","1","12","B","3","10"
"4213","2","H","1","12","B","3","10"
"4214","2","H","10","12","B","3","10"
"4215","1","H","1","12","C","3","10"
"4216","2","H","4","12","C","3","10"
"4217","2","H","7","12","C","3","10"
"4218","1","H","1","12","D","3","10"
"4219","2","H","4","12","D","3","10"
"4220","2","H","10","12","D","3","10"
"4221","1","H","1","12","E","3","10"
"4222","2","H","7","12","E","3","10"
"4223","2","H","10","12","E","3","10"
"4224","1","H","4","12","F","3","10"
"4225","1","H","7","12","F","3","10"
"4226","1","H","10","12","F","3","10"
"4227","1","H","4","12","G","3","10"
"4228","1","H","7","12","G","3","10"
"4229","2","H","1","12","G","3","10"
"4230","1","H","4","12","H","3","10"
"4231","1","H","7","12","H","3","10"
"4232","2","H","4","12","H","3","10"
"4233","1","H","4","12","A","4","10"
"4234","1","H","7","12","A","4","10"
"4235","2","H","7","12","A","4","10"
"4236","1","H","4","12","B","4","10"
"4237","1","H","7","12","B","4","10"
"4238","2","H","10","12","B","4","10"
"4239","1","H","4","12","C","4","10"
"4240","1","H","10","12","C","4","10"
"4241","2","H","1","12","C","4","10"
"4242","1","H","4","12","D","4","10"
"4243","1","H","10","12","D","4","10"
"4244","2","H","4","12","D","4","10"
"4245","1","H","4","12","E","4","10"
"4246","1","H","10","12","E","4","10"
"4247","2","H","7","12","E","4","10"
"4248","1","H","4","12","F","4","10"
"4249","1","H","10","12","F","4","10"
"4250","2","H","10","12","F","4","10"
"4251","1","H","4","12","G","4","10"
"4252","2","H","1","12","G","4","10"
"4253","2","H","4","12","G","4","10"
"4254","1","H","4","12","H","4","10"
"4255","2","H","1","12","H","4","10"
"4256","2","H","7","12","H","4","10"
"4257","1","H","4","12","A","5","10"
"4258","2","H","1","12","A","5","10"
"4259","2","H","10","12","A","5","10"
"4260","1","H","4","12","B","5","10"
"4261","2","H","4","12","B","5","10"
"4262","2","H","7","12","B","5","10"
"4263","1","H","4","12","C","5","10"
"4264","2","H","4","12","C","5","10"
"4265","2","H","10","12","C","5","10"
"4266","1","H","4","12","D","5","10"
"4267","2","H","7","12","D","5","10"
"4268","2","H","10","12","D","5","10"
"4269","1","H","7","12","E","5","10"
"4270","1","H","10","12","E","5","10"
"4271","2","H","1","12","E","5","10"
"4272","1","H","7","12","F","5","10"
"4273","1","H","10","12","F","5","10"
"4274","2","H","4","12","F","5","10"
"4275","1","H","7","12","G","5","10"
"4276","1","H","10","12","G","5","10"
"4277","2","H","7","12","G","5","10"
"4278","1","H","7","12","H","5","10"
"4279","1","H","10","12","H","5","10"
"4280","2","H","10","12","H","5","10"
"4281","1","H","7","12","A","6","10"
"4282","2","H","1","12","A","6","10"
"4283","2","H","4","12","A","6","10"
"4284","1","H","7","12","B","6","10"
"4285","2","H","1","12","B","6","10"
"4286","2","H","7","12","B","6","10"
"4287","1","H","7","12","C","6","10"
"4288","2","H","1","12","C","6","10"
"4289","2","H","10","12","C","6","10"
"4290","1","H","7","12","D","6","10"
"4291","2","H","4","12","D","6","10"
"4292","2","H","7","12","D","6","10"
"4293","1","H","7","12","E","6","10"
"4294","2","H","4","12","E","6","10"
"4295","2","H","10","12","E","6","10"
"4296","1","H","7","12","F","6","10"
"4297","2","H","7","12","F","6","10"
"4298","2","H","10","12","F","6","10"
"4299","1","H","10","12","G","6","10"
"4300","2","H","1","12","G","6","10"
"4301","2","H","4","12","G","6","10"
"4302","1","H","10","12","H","6","10"
"4303","2","H","1","12","H","6","10"
"4304","2","H","7","12","H","6","10"
"4305","1","H","10","12","A","7","10"
"4306","2","H","1","12","A","7","10"
"4307","2","H","10","12","A","7","10"
"4308","1","H","10","12","B","7","10"
"4309","2","H","4","12","B","7","10"
"4310","2","H","7","12","B","7","10"
"4311","1","H","10","12","C","7","10"
"4312","2","H","4","12","C","7","10"
"4313","2","H","10","12","C","7","10"
"4314","1","H","10","12","D","7","10"
"4315","2","H","7","12","D","7","10"
"4316","2","H","10","12","D","7","10"
"4317","2","H","1","12","E","7","10"
"4318","2","H","4","12","E","7","10"
"4319","2","H","7","12","E","7","10"
"4320","2","H","1","12","F","7","10"
"4321","2","H","4","12","F","7","10"
"4322","2","H","10","12","F","7","10"
"4323","2","H","1","12","G","7","10"
"4324","2","H","7","12","G","7","10"
"4325","2","H","10","12","G","7","10"
"4326","2","H","4","12","H","7","10"
"4327","2","H","7","12","H","7","10"
"4328","2","H","10","12","H","7","10"
"4329","1","H","1","12","A","8","10"
"4330","1","H","4","12","A","8","10"
"4331","1","H","7","12","A","8","10"
"4332","1","H","10","12","A","8","10"
"4333","1","H","1","12","B","8","10"
"4334","1","H","4","12","B","8","10"
"4335","1","H","7","12","B","8","10"
"4336","2","H","1","12","B","8","10"
"4337","1","H","1","12","C","8","10"
"4338","1","H","4","12","C","8","10"
"4339","1","H","7","12","C","8","10"
"4340","2","H","4","12","C","8","10"
"4341","1","H","1","12","D","8","10"
"4342","1","H","4","12","D","8","10"
"4343","1","H","7","12","D","8","10"
"4344","2","H","7","12","D","8","10"
"4345","1","H","1","12","E","8","10"
"4346","1","H","4","12","E","8","10"
"4347","1","H","7","12","E","8","10"
"4348","2","H","10","12","E","8","10"
"4349","1","H","1","12","F","8","10"
"4350","1","H","4","12","F","8","10"
"4351","1","H","10","12","F","8","10"
"4352","2","H","1","12","F","8","10"
"4353","1","H","1","12","G","8","10"
"4354","1","H","4","12","G","8","10"
"4355","1","H","10","12","G","8","10"
"4356","2","H","4","12","G","8","10"
"4357","1","H","1","12","H","8","10"
"4358","1","H","4","12","H","8","10"
"4359","1","H","10","12","H","8","10"
"4360","2","H","7","12","H","8","10"
"4361","1","H","1","12","A","9","10"
"4362","1","H","4","12","A","9","10"
"4363","1","H","10","12","A","9","10"
"4364","2","H","10","12","A","9","10"
"4365","1","H","1","12","B","9","10"
"4366","1","H","4","12","B","9","10"
"4367","2","H","1","12","B","9","10"
"4368","2","H","4","12","B","9","10"
"4369","1","H","1","12","C","9","10"
"4370","1","H","4","12","C","9","10"
"4371","2","H","1","12","C","9","10"
"4372","2","H","7","12","C","9","10"
"4373","1","H","1","12","D","9","10"
"4374","1","H","4","12","D","9","10"
"4375","2","H","1","12","D","9","10"
"4376","2","H","10","12","D","9","10"
"4377","1","H","1","12","E","9","10"
"4378","1","H","4","12","E","9","10"
"4379","2","H","4","12","E","9","10"
"4380","2","H","7","12","E","9","10"
"4381","1","H","1","12","F","9","10"
"4382","1","H","4","12","F","9","10"
"4383","2","H","4","12","F","9","10"
"4384","2","H","10","12","F","9","10"
"4385","1","H","1","12","G","9","10"
"4386","1","H","4","12","G","9","10"
"4387","2","H","7","12","G","9","10"
"4388","2","H","10","12","G","9","10"
"4389","1","H","1","12","H","9","10"
"4390","1","H","7","12","H","9","10"
"4391","1","H","10","12","H","9","10"
"4392","2","H","1","12","H","9","10"
"4393","1","H","1","12","A","10","10"
"4394","1","H","7","12","A","10","10"
"4395","1","H","10","12","A","10","10"
"4396","2","H","4","12","A","10","10"
"4397","1","H","1","12","B","10","10"
"4398","1","H","7","12","B","10","10"
"4399","1","H","10","12","B","10","10"
"4400","2","H","7","12","B","10","10"
"4401","1","H","1","12","C","10","10"
"4402","1","H","7","12","C","10","10"
"4403","1","H","10","12","C","10","10"
"4404","2","H","10","12","C","10","10"
"4405","1","H","1","12","D","10","10"
"4406","1","H","7","12","D","10","10"
"4407","2","H","1","12","D","10","10"
"4408","2","H","4","12","D","10","10"
"4409","1","H","1","12","E","10","10"
"4410","1","H","7","12","E","10","10"
"4411","2","H","1","12","E","10","10"
"4412","2","H","7","12","E","10","10"
"4413","1","H","1","12","F","10","10"
"4414","1","H","7","12","F","10","10"
"4415","2","H","1","12","F","10","10"
"4416","2","H","10","12","F","10","10"
"4417","1","H","1","12","G","10","10"
"4418","1","H","7","12","G","10","10"
"4419","2","H","4","12","G","10","10"
"4420","2","H","7","12","G","10","10"
"4421","1","H","1","12","H","10","10"
"4422","1","H","7","12","H","10","10"
"4423","2","H","4","12","H","10","10"
"4424","2","H","10","12","H","10","10"
"4425","1","H","1","12","A","11","10"
"4426","1","H","7","12","A","11","10"
"4427","2","H","7","12","A","11","10"
"4428","2","H","10","12","A","11","10"
"4429","1","H","1","12","B","11","10"
"4430","1","H","10","12","B","11","10"
"4431","2","H","1","12","B","11","10"
"4432","2","H","4","12","B","11","10"
"4433","1","H","1","12","C","11","10"
"4434","1","H","10","12","C","11","10"
"4435","2","H","1","12","C","11","10"
"4436","2","H","7","12","C","11","10"
"4437","1","H","1","12","D","11","10"
"4438","1","H","10","12","D","11","10"
"4439","2","H","1","12","D","11","10"
"4440","2","H","10","12","D","11","10"
"4441","1","H","1","12","E","11","10"
"4442","1","H","10","12","E","11","10"
"4443","2","H","4","12","E","11","10"
"4444","2","H","7","12","E","11","10"
"4445","1","H","1","12","F","11","10"
"4446","1","H","10","12","F","11","10"
"4447","2","H","4","12","F","11","10"
"4448","2","H","10","12","F","11","10"
"4449","1","H","1","12","G","11","10"
"4450","1","H","10","12","G","11","10"
"4451","2","H","7","12","G","11","10"
"4452","2","H","10","12","G","11","10"
"4453","1","H","1","12","H","11","10"
"4454","2","H","1","12","H","11","10"
"4455","2","H","4","12","H","11","10"
"4456","2","H","7","12","H","11","10"
"4457","1","H","1","12","A","12","10"
"4458","2","H","1","12","A","12","10"
"4459","2","H","4","12","A","12","10"
"4460","2","H","10","12","A","12","10"
"4461","1","H","1","12","B","12","10"
"4462","2","H","1","12","B","12","10"
"4463","2","H","7","12","B","12","10"
"4464","2","H","10","12","B","12","10"
"4465","1","H","1","12","C","12","10"
"4466","2","H","4","12","C","12","10"
"4467","2","H","7","12","C","12","10"
"4468","2","H","10","12","C","12","10"
"4469","1","H","4","12","D","12","10"
"4470","1","H","7","12","D","12","10"
"4471","1","H","10","12","D","12","10"
"4472","2","H","1","12","D","12","10"
"4473","1","H","4","12","E","12","10"
"4474","1","H","7","12","E","12","10"
"4475","1","H","10","12","E","12","10"
"4476","2","H","4","12","E","12","10"
"4477","1","H","4","12","F","12","10"
"4478","1","H","7","12","F","12","10"
"4479","1","H","10","12","F","12","10"
"4480","2","H","7","12","F","12","10"
"4481","1","H","4","12","G","12","10"
"4482","1","H","7","12","G","12","10"
"4483","1","H","10","12","G","12","10"
"4484","2","H","10","12","G","12","10"
"4485","1","H","4","12","H","12","10"
"4486","1","H","7","12","H","12","10"
"4487","2","H","1","12","H","12","10"
"4488","2","H","4","12","H","12","10"
"4489","1","H","4","13","A","1","10"
"4490","1","H","7","13","A","1","10"
"4491","2","H","1","13","A","1","10"
"4492","2","H","7","13","A","1","10"
"4493","1","H","4","13","B","1","10"
"4494","1","H","7","13","B","1","10"
"4495","2","H","1","13","B","1","10"
"4496","2","H","10","13","B","1","10"
"4497","1","H","4","13","C","1","10"
"4498","1","H","7","13","C","1","10"
"4499","2","H","4","13","C","1","10"
"4500","2","H","7","13","C","1","10"
"4501","1","H","4","13","D","1","10"
"4502","1","H","7","13","D","1","10"
"4503","2","H","4","13","D","1","10"
"4504","2","H","10","13","D","1","10"
"4505","1","H","4","13","E","1","10"
"4506","1","H","7","13","E","1","10"
"4507","2","H","7","13","E","1","10"
"4508","2","H","10","13","E","1","10"
"4509","1","H","4","13","F","1","10"
"4510","1","H","10","13","F","1","10"
"4511","2","H","1","13","F","1","10"
"4512","2","H","4","13","F","1","10"
"4513","1","H","4","13","G","1","10"
"4514","1","H","10","13","G","1","10"
"4515","2","H","1","13","G","1","10"
"4516","2","H","7","13","G","1","10"
"4517","1","H","4","13","H","1","10"
"4518","1","H","10","13","H","1","10"
"4519","2","H","1","13","H","1","10"
"4520","2","H","10","13","H","1","10"
"4521","1","H","4","13","A","2","10"
"4522","1","H","10","13","A","2","10"
"4523","2","H","4","13","A","2","10"
"4524","2","H","7","13","A","2","10"
"4525","1","H","4","13","B","2","10"
"4526","1","H","10","13","B","2","10"
"4527","2","H","4","13","B","2","10"
"4528","2","H","10","13","B","2","10"
"4529","1","H","4","13","C","2","10"
"4530","1","H","10","13","C","2","10"
"4531","2","H","7","13","C","2","10"
"4532","2","H","10","13","C","2","10"
"4533","1","H","4","13","D","2","10"
"4534","2","H","1","13","D","2","10"
"4535","2","H","4","13","D","2","10"
"4536","2","H","7","13","D","2","10"
"4537","1","H","4","13","E","2","10"
"4538","2","H","1","13","E","2","10"
"4539","2","H","4","13","E","2","10"
"4540","2","H","10","13","E","2","10"
"4541","1","H","4","13","F","2","10"
"4542","2","H","1","13","F","2","10"
"4543","2","H","7","13","F","2","10"
"4544","2","H","10","13","F","2","10"
"4545","1","H","4","13","G","2","10"
"4546","2","H","4","13","G","2","10"
"4547","2","H","7","13","G","2","10"
"4548","2","H","10","13","G","2","10"
"4549","1","H","7","13","H","2","10"
"4550","1","H","10","13","H","2","10"
"4551","2","H","1","13","H","2","10"
"4552","2","H","4","13","H","2","10"
"4553","1","H","7","13","A","3","10"
"4554","1","H","10","13","A","3","10"
"4555","2","H","1","13","A","3","10"
"4556","2","H","7","13","A","3","10"
"4557","1","H","7","13","B","3","10"
"4558","1","H","10","13","B","3","10"
"4559","2","H","1","13","B","3","10"
"4560","2","H","10","13","B","3","10"
"4561","1","H","7","13","C","3","10"
"4562","1","H","10","13","C","3","10"
"4563","2","H","4","13","C","3","10"
"4564","2","H","7","13","C","3","10"
"4565","1","H","7","13","D","3","10"
"4566","1","H","10","13","D","3","10"
"4567","2","H","4","13","D","3","10"
"4568","2","H","10","13","D","3","10"
"4569","1","H","7","13","E","3","10"
"4570","1","H","10","13","E","3","10"
"4571","2","H","7","13","E","3","10"
"4572","2","H","10","13","E","3","10"
"4573","1","H","7","13","F","3","10"
"4574","2","H","1","13","F","3","10"
"4575","2","H","4","13","F","3","10"
"4576","2","H","7","13","F","3","10"
"4577","1","H","7","13","G","3","10"
"4578","2","H","1","13","G","3","10"
"4579","2","H","4","13","G","3","10"
"4580","2","H","10","13","G","3","10"
"4581","1","H","7","13","H","3","10"
"4582","2","H","1","13","H","3","10"
"4583","2","H","7","13","H","3","10"
"4584","2","H","10","13","H","3","10"
"4585","1","H","7","13","A","4","10"
"4586","2","H","4","13","A","4","10"
"4587","2","H","7","13","A","4","10"
"4588","2","H","10","13","A","4","10"
"4589","1","H","10","13","B","4","10"
"4590","2","H","1","13","B","4","10"
"4591","2","H","4","13","B","4","10"
"4592","2","H","7","13","B","4","10"
"4593","1","H","10","13","C","4","10"
"4594","2","H","1","13","C","4","10"
"4595","2","H","4","13","C","4","10"
"4596","2","H","10","13","C","4","10"
"4597","1","H","10","13","D","4","10"
"4598","2","H","1","13","D","4","10"
"4599","2","H","7","13","D","4","10"
"4600","2","H","10","13","D","4","10"
"4601","1","H","10","13","E","4","10"
"4602","2","H","4","13","E","4","10"
"4603","2","H","7","13","E","4","10"
"4604","2","H","10","13","E","4","10"
"4605","2","H","1","13","F","4","10"
"4606","2","H","4","13","F","4","10"
"4607","2","H","7","13","F","4","10"
"4608","2","H","10","13","F","4","10"
"4609","1","H","1","13","G","4","10"
"4610","1","H","4","13","G","4","10"
"4611","1","H","7","13","G","4","10"
"4612","1","H","10","13","G","4","10"
"4613","2","H","1","13","G","4","10"
"4614","1","H","1","13","H","4","10"
"4615","1","H","4","13","H","4","10"
"4616","1","H","7","13","H","4","10"
"4617","1","H","10","13","H","4","10"
"4618","2","H","4","13","H","4","10"
"4619","1","H","1","13","A","5","10"
"4620","1","H","4","13","A","5","10"
"4621","1","H","7","13","A","5","10"
"4622","1","H","10","13","A","5","10"
"4623","2","H","7","13","A","5","10"
"4624","1","H","1","13","B","5","10"
"4625","1","H","4","13","B","5","10"
"4626","1","H","7","13","B","5","10"
"4627","1","H","10","13","B","5","10"
"4628","2","H","10","13","B","5","10"
"4629","1","H","1","13","C","5","10"
"4630","1","H","4","13","C","5","10"
"4631","1","H","7","13","C","5","10"
"4632","2","H","1","13","C","5","10"
"4633","2","H","4","13","C","5","10"
"4634","1","H","1","13","D","5","10"
"4635","1","H","4","13","D","5","10"
"4636","1","H","7","13","D","5","10"
"4637","2","H","1","13","D","5","10"
"4638","2","H","7","13","D","5","10"
"4639","1","H","1","13","E","5","10"
"4640","1","H","4","13","E","5","10"
"4641","1","H","7","13","E","5","10"
"4642","2","H","1","13","E","5","10"
"4643","2","H","10","13","E","5","10"
"4644","1","H","1","13","F","5","10"
"4645","1","H","4","13","F","5","10"
"4646","1","H","7","13","F","5","10"
"4647","2","H","4","13","F","5","10"
"4648","2","H","7","13","F","5","10"
"4649","1","H","1","13","G","5","10"
"4650","1","H","4","13","G","5","10"
"4651","1","H","7","13","G","5","10"
"4652","2","H","4","13","G","5","10"
"4653","2","H","10","13","G","5","10"
"4654","1","H","1","13","H","5","10"
"4655","1","H","4","13","H","5","10"
"4656","1","H","7","13","H","5","10"
"4657","2","H","7","13","H","5","10"
"4658","2","H","10","13","H","5","10"
"4659","1","H","1","13","A","6","10"
"4660","1","H","4","13","A","6","10"
"4661","1","H","10","13","A","6","10"
"4662","2","H","1","13","A","6","10"
"4663","2","H","4","13","A","6","10"
"4664","1","H","1","13","B","6","10"
"4665","1","H","4","13","B","6","10"
"4666","1","H","10","13","B","6","10"
"4667","2","H","1","13","B","6","10"
"4668","2","H","7","13","B","6","10"
"4669","1","H","1","13","C","6","10"
"4670","1","H","4","13","C","6","10"
"4671","1","H","10","13","C","6","10"
"4672","2","H","1","13","C","6","10"
"4673","2","H","10","13","C","6","10"
"4674","1","H","1","13","D","6","10"
"4675","1","H","4","13","D","6","10"
"4676","1","H","10","13","D","6","10"
"4677","2","H","4","13","D","6","10"
"4678","2","H","7","13","D","6","10"
"4679","1","H","1","13","E","6","10"
"4680","1","H","4","13","E","6","10"
"4681","1","H","10","13","E","6","10"
"4682","2","H","4","13","E","6","10"
"4683","2","H","10","13","E","6","10"
"4684","1","H","1","13","F","6","10"
"4685","1","H","4","13","F","6","10"
"4686","1","H","10","13","F","6","10"
"4687","2","H","7","13","F","6","10"
"4688","2","H","10","13","F","6","10"
"4689","1","A","2","13","G","6","10"
"4690","1","A","5","13","G","6","10"
"4691","2","H","1","13","G","6","10"
"4692","2","H","4","13","G","6","10"
"4693","2","H","7","13","G","6","10"
"4694","1","A","2","13","H","6","10"
"4695","1","A","5","13","H","6","10"
"4696","2","H","1","13","H","6","10"
"4697","2","H","4","13","H","6","10"
"4698","2","H","10","13","H","6","10"
"4699","1","A","2","13","A","7","10"
"4700","1","A","5","13","A","7","10"
"4701","2","H","1","13","A","7","10"
"4702","2","H","7","13","A","7","10"
"4703","2","H","10","13","A","7","10"
"4704","1","A","2","13","B","7","10"
"4705","1","A","5","13","B","7","10"
"4706","2","H","4","13","B","7","10"
"4707","2","H","7","13","B","7","10"
"4708","2","H","10","13","B","7","10"
"4709","1","A","2","13","C","7","10"
"4710","1","H","7","13","C","7","10"
"4711","1","H","10","13","C","7","10"
"4712","2","H","1","13","C","7","10"
"4713","2","H","4","13","C","7","10"
"4714","1","A","2","13","D","7","10"
"4715","1","H","7","13","D","7","10"
"4716","1","H","10","13","D","7","10"
"4717","2","H","1","13","D","7","10"
"4718","2","H","7","13","D","7","10"
"4719","1","A","2","13","E","7","10"
"4720","1","H","7","13","E","7","10"
"4721","1","H","10","13","E","7","10"
"4722","2","H","1","13","E","7","10"
"4723","2","H","10","13","E","7","10"
"4724","1","A","2","13","F","7","10"
"4725","1","H","7","13","F","7","10"
"4726","1","H","10","13","F","7","10"
"4727","2","H","4","13","F","7","10"
"4728","2","H","7","13","F","7","10"
"4729","1","A","2","13","G","7","10"
"4730","1","H","7","13","G","7","10"
"4731","1","H","10","13","G","7","10"
"4732","2","H","4","13","G","7","10"
"4733","2","H","10","13","G","7","10"
"4734","1","A","2","13","H","7","10"
"4735","1","H","7","13","H","7","10"
"4736","1","H","10","13","H","7","10"
"4737","2","H","7","13","H","7","10"
"4738","2","H","10","13","H","7","10"
"4739","1","A","2","13","A","8","10"
"4740","1","A","8","13","A","8","10"
"4741","2","H","1","13","A","8","10"
"4742","2","H","4","13","A","8","10"
"4743","2","H","7","13","A","8","10"
"4744","1","A","2","13","B","8","10"
"4745","1","A","8","13","B","8","10"
"4746","2","H","1","13","B","8","10"
"4747","2","H","4","13","B","8","10"
"4748","2","H","10","13","B","8","10"
"4749","1","A","2","13","C","8","10"
"4750","1","A","8","13","C","8","10"
"4751","2","H","1","13","C","8","10"
"4752","2","H","7","13","C","8","10"
"4753","2","H","10","13","C","8","10"
"4754","1","A","2","13","D","8","10"
"4755","1","A","8","13","D","8","10"
"4756","2","H","4","13","D","8","10"
"4757","2","H","7","13","D","8","10"
"4758","2","H","10","13","D","8","10"
"4759","1","A","2","13","E","8","10"
"4760","1","A","11","13","E","8","10"
"4761","2","A","2","13","E","8","10"
"4762","2","A","5","13","E","8","10"
"4763","2","A","8","13","E","8","10"
"4764","1","A","2","13","F","8","10"
"4765","1","A","11","13","F","8","10"
"4766","2","A","2","13","F","8","10"
"4767","2","A","5","13","F","8","10"
"4768","2","A","11","13","F","8","10"
"4769","1","A","2","13","G","8","10"
"4770","1","A","11","13","G","8","10"
"4771","2","A","2","13","G","8","10"
"4772","2","A","8","13","G","8","10"
"4773","2","A","11","13","G","8","10"
"4774","1","A","2","13","H","8","10"
"4775","1","A","11","13","H","8","10"
"4776","2","A","5","13","H","8","10"
"4777","2","A","8","13","H","8","10"
"4778","2","A","11","13","H","8","10"
"4779","1","A","2","13","A","9","10"
"4780","2","A","2","13","A","9","10"
"4781","2","A","5","13","A","9","10"
"4782","2","A","8","13","A","9","10"
"4783","2","A","11","13","A","9","10"
"4784","1","A","5","13","B","9","10"
"4785","1","A","8","13","B","9","10"
"4786","1","A","11","13","B","9","10"
"4787","2","A","2","13","B","9","10"
"4788","2","A","5","13","B","9","10"
"4789","1","A","5","13","C","9","10"
"4790","1","A","8","13","C","9","10"
"4791","1","A","11","13","C","9","10"
"4792","2","A","2","13","C","9","10"
"4793","2","A","8","13","C","9","10"
"4794","1","A","5","13","D","9","10"
"4795","1","A","8","13","D","9","10"
"4796","1","A","11","13","D","9","10"
"4797","2","A","2","13","D","9","10"
"4798","2","A","11","13","D","9","10"
"4799","1","A","5","13","E","9","10"
"4800","1","A","8","13","E","9","10"
"4801","1","A","11","13","E","9","10"
"4802","2","A","5","13","E","9","10"
"4803","2","A","8","13","E","9","10"
"4804","1","A","5","13","F","9","10"
"4805","1","A","8","13","F","9","10"
"4806","1","A","11","13","F","9","10"
"4807","2","A","5","13","F","9","10"
"4808","2","A","11","13","F","9","10"
"4809","1","A","5","13","G","9","10"
"4810","1","A","8","13","G","9","10"
"4811","1","A","11","13","G","9","10"
"4812","2","A","8","13","G","9","10"
"4813","2","A","11","13","G","9","10"
"4814","1","A","5","13","H","9","10"
"4815","1","A","8","13","H","9","10"
"4816","2","A","2","13","H","9","10"
"4817","2","A","5","13","H","9","10"
"4818","2","A","8","13","H","9","10"
"4819","1","A","5","13","A","10","10"
"4820","1","A","8","13","A","10","10"
"4821","2","A","2","13","A","10","10"
"4822","2","A","5","13","A","10","10"
"4823","2","A","11","13","A","10","10"
"4824","1","A","5","13","B","10","10"
"4825","1","A","8","13","B","10","10"
"4826","2","A","2","13","B","10","10"
"4827","2","A","8","13","B","10","10"
"4828","2","A","11","13","B","10","10"
"4829","1","A","5","13","C","10","10"
"4830","1","A","8","13","C","10","10"
"4831","2","A","5","13","C","10","10"
"4832","2","A","8","13","C","10","10"
"4833","2","A","11","13","C","10","10"
"4834","1","A","5","13","D","10","10"
"4835","1","A","11","13","D","10","10"
"4836","2","A","2","13","D","10","10"
"4837","2","A","5","13","D","10","10"
"4838","2","A","8","13","D","10","10"
"4839","1","A","5","13","E","10","10"
"4840","1","A","11","13","E","10","10"
"4841","2","A","2","13","E","10","10"
"4842","2","A","5","13","E","10","10"
"4843","2","A","11","13","E","10","10"
"4844","1","A","5","13","F","10","10"
"4845","1","A","11","13","F","10","10"
"4846","2","A","2","13","F","10","10"
"4847","2","A","8","13","F","10","10"
"4848","2","A","11","13","F","10","10"
"4849","1","A","5","13","G","10","10"
"4850","1","A","11","13","G","10","10"
"4851","2","A","5","13","G","10","10"
"4852","2","A","8","13","G","10","10"
"4853","2","A","11","13","G","10","10"
"4854","1","A","5","13","H","10","10"
"4855","2","A","2","13","H","10","10"
"4856","2","A","5","13","H","10","10"
"4857","2","A","8","13","H","10","10"
"4858","2","A","11","13","H","10","10"
"4859","1","A","8","13","A","11","10"
"4860","1","A","11","13","A","11","10"
"4861","2","A","2","13","A","11","10"
"4862","2","A","5","13","A","11","10"
"4863","2","A","8","13","A","11","10"
"4864","1","A","8","13","B","11","10"
"4865","1","A","11","13","B","11","10"
"4866","2","A","2","13","B","11","10"
"4867","2","A","5","13","B","11","10"
"4868","2","A","11","13","B","11","10"
"4869","1","A","8","13","C","11","10"
"4870","1","A","11","13","C","11","10"
"4871","2","A","2","13","C","11","10"
"4872","2","A","8","13","C","11","10"
"4873","2","A","11","13","C","11","10"
"4874","1","A","8","13","D","11","10"
"4875","1","A","11","13","D","11","10"
"4876","2","A","5","13","D","11","10"
"4877","2","A","8","13","D","11","10"
"4878","2","A","11","13","D","11","10"
"4879","1","A","8","13","E","11","10"
"4880","2","A","2","13","E","11","10"
"4881","2","A","5","13","E","11","10"
"4882","2","A","8","13","E","11","10"
"4883","2","A","11","13","E","11","10"
"4884","1","A","11","13","F","11","10"
"4885","2","A","2","13","F","11","10"
"4886","2","A","5","13","F","11","10"
"4887","2","A","8","13","F","11","10"
"4888","2","A","11","13","F","11","10"
"4889","1","A","2","13","G","11","10"
"4890","1","A","5","13","G","11","10"
"4891","1","A","8","13","G","11","10"
"4892","1","A","11","13","G","11","10"
"4893","2","A","2","13","G","11","10"
"4894","2","A","5","13","G","11","10"
"4895","1","A","2","13","H","11","10"
"4896","1","A","5","13","H","11","10"
"4897","1","A","8","13","H","11","10"
"4898","1","A","11","13","H","11","10"
"4899","2","A","2","13","H","11","10"
"4900","2","A","8","13","H","11","10"
"4901","1","A","2","13","A","12","10"
"4902","1","A","5","13","A","12","10"
"4903","1","A","8","13","A","12","10"
"4904","1","A","11","13","A","12","10"
"4905","2","A","2","13","A","12","10"
"4906","2","A","11","13","A","12","10"
"4907","1","A","2","13","B","12","10"
"4908","1","A","5","13","B","12","10"
"4909","1","A","8","13","B","12","10"
"4910","1","A","11","13","B","12","10"
"4911","2","A","5","13","B","12","10"
"4912","2","A","8","13","B","12","10"
"4913","1","A","2","13","C","12","10"
"4914","1","A","5","13","C","12","10"
"4915","1","A","8","13","C","12","10"
"4916","1","A","11","13","C","12","10"
"4917","2","A","5","13","C","12","10"
"4918","2","A","11","13","C","12","10"
"4919","1","A","2","13","D","12","10"
"4920","1","A","5","13","D","12","10"
"4921","1","A","8","13","D","12","10"
"4922","1","A","11","13","D","12","10"
"4923","2","A","8","13","D","12","10"
"4924","2","A","11","13","D","12","10"
"4925","1","A","2","13","E","12","10"
"4926","1","A","5","13","E","12","10"
"4927","1","A","8","13","E","12","10"
"4928","2","A","2","13","E","12","10"
"4929","2","A","5","13","E","12","10"
"4930","2","A","8","13","E","12","10"
"4931","1","A","2","13","F","12","10"
"4932","1","A","5","13","F","12","10"
"4933","1","A","8","13","F","12","10"
"4934","2","A","2","13","F","12","10"
"4935","2","A","5","13","F","12","10"
"4936","2","A","11","13","F","12","10"
"4937","1","A","2","13","G","12","10"
"4938","1","A","5","13","G","12","10"
"4939","1","A","8","13","G","12","10"
"4940","2","A","2","13","G","12","10"
"4941","2","A","8","13","G","12","10"
"4942","2","A","11","13","G","12","10"
"4943","1","A","2","13","H","12","10"
"4944","1","A","5","13","H","12","10"
"4945","1","A","8","13","H","12","10"
"4946","2","A","5","13","H","12","10"
"4947","2","A","8","13","H","12","10"
"4948","2","A","11","13","H","12","10"
"4949","1","A","2","14","A","1","10"
"4950","1","A","5","14","A","1","10"
"4951","1","A","11","14","A","1","10"
"4952","2","A","2","14","A","1","10"
"4953","2","A","5","14","A","1","10"
"4954","2","A","8","14","A","1","10"
"4955","1","A","2","14","B","1","10"
"4956","1","A","5","14","B","1","10"
"4957","1","A","11","14","B","1","10"
"4958","2","A","2","14","B","1","10"
"4959","2","A","5","14","B","1","10"
"4960","2","A","11","14","B","1","10"
"4961","1","A","2","14","C","1","10"
"4962","1","A","5","14","C","1","10"
"4963","1","A","11","14","C","1","10"
"4964","2","A","2","14","C","1","10"
"4965","2","A","8","14","C","1","10"
"4966","2","A","11","14","C","1","10"
"4967","1","A","2","14","D","1","10"
"4968","1","A","5","14","D","1","10"
"4969","1","A","11","14","D","1","10"
"4970","2","A","5","14","D","1","10"
"4971","2","A","8","14","D","1","10"
"4972","2","A","11","14","D","1","10"
"4973","1","A","2","14","E","1","10"
"4974","1","A","5","14","E","1","10"
"4975","2","A","2","14","E","1","10"
"4976","2","A","5","14","E","1","10"
"4977","2","A","8","14","E","1","10"
"4978","2","A","11","14","E","1","10"
"4979","1","A","2","14","F","1","10"
"4980","1","A","8","14","F","1","10"
"4981","1","A","11","14","F","1","10"
"4982","2","A","2","14","F","1","10"
"4983","2","A","5","14","F","1","10"
"4984","2","A","8","14","F","1","10"
"4985","1","A","2","14","G","1","10"
"4986","1","A","8","14","G","1","10"
"4987","1","A","11","14","G","1","10"
"4988","2","A","2","14","G","1","10"
"4989","2","A","5","14","G","1","10"
"4990","2","A","11","14","G","1","10"
"4991","1","A","2","14","H","1","10"
"4992","1","A","8","14","H","1","10"
"4993","1","A","11","14","H","1","10"
"4994","2","A","2","14","H","1","10"
"4995","2","A","8","14","H","1","10"
"4996","2","A","11","14","H","1","10"
"4997","1","A","2","14","A","2","10"
"4998","1","A","8","14","A","2","10"
"4999","1","A","11","14","A","2","10"
"5000","2","A","5","14","A","2","10"
"5001","2","A","8","14","A","2","10"
"5002","2","A","11","14","A","2","10"
"5003","1","A","2","14","B","2","10"
"5004","1","A","8","14","B","2","10"
"5005","2","A","2","14","B","2","10"
"5006","2","A","5","14","B","2","10"
"5007","2","A","8","14","B","2","10"
"5008","2","A","11","14","B","2","10"
"5009","1","A","2","14","C","2","10"
"5010","1","A","11","14","C","2","10"
"5011","2","A","2","14","C","2","10"
"5012","2","A","5","14","C","2","10"
"5013","2","A","8","14","C","2","10"
"5014","2","A","11","14","C","2","10"
"5015","1","A","5","14","D","2","10"
"5016","1","A","8","14","D","2","10"
"5017","1","A","11","14","D","2","10"
"5018","2","A","2","14","D","2","10"
"5019","2","A","5","14","D","2","10"
"5020","2","A","8","14","D","2","10"
"5021","1","A","5","14","E","2","10"
"5022","1","A","8","14","E","2","10"
"5023","1","A","11","14","E","2","10"
"5024","2","A","2","14","E","2","10"
"5025","2","A","5","14","E","2","10"
"5026","2","A","11","14","E","2","10"
"5027","1","A","5","14","F","2","10"
"5028","1","A","8","14","F","2","10"
"5029","1","A","11","14","F","2","10"
"5030","2","A","2","14","F","2","10"
"5031","2","A","8","14","F","2","10"
"5032","2","A","11","14","F","2","10"
"5033","1","A","5","14","G","2","10"
"5034","1","A","8","14","G","2","10"
"5035","1","A","11","14","G","2","10"
"5036","2","A","5","14","G","2","10"
"5037","2","A","8","14","G","2","10"
"5038","2","A","11","14","G","2","10"
"5039","1","A","5","14","H","2","10"
"5040","1","A","8","14","H","2","10"
"5041","2","A","2","14","H","2","10"
"5042","2","A","5","14","H","2","10"
"5043","2","A","8","14","H","2","10"
"5044","2","A","11","14","H","2","10"
"5045","1","A","5","14","A","3","10"
"5046","1","A","11","14","A","3","10"
"5047","2","A","2","14","A","3","10"
"5048","2","A","5","14","A","3","10"
"5049","2","A","8","14","A","3","10"
"5050","2","A","11","14","A","3","10"
"5051","1","A","8","14","B","3","10"
"5052","1","A","11","14","B","3","10"
"5053","2","A","2","14","B","3","10"
"5054","2","A","5","14","B","3","10"
"5055","2","A","8","14","B","3","10"
"5056","2","A","11","14","B","3","10"
"5057","1","A","2","14","C","3","10"
"5058","1","A","5","14","C","3","10"
"5059","1","A","8","14","C","3","10"
"5060","1","A","11","14","C","3","10"
"5061","2","A","2","14","C","3","10"
"5062","2","A","5","14","C","3","10"
"5063","2","A","8","14","C","3","10"
"5064","1","A","2","14","D","3","10"
"5065","1","A","5","14","D","3","10"
"5066","1","A","8","14","D","3","10"
"5067","1","A","11","14","D","3","10"
"5068","2","A","2","14","D","3","10"
"5069","2","A","5","14","D","3","10"
"5070","2","A","11","14","D","3","10"
"5071","1","A","2","14","E","3","10"
"5072","1","A","5","14","E","3","10"
"5073","1","A","8","14","E","3","10"
"5074","1","A","11","14","E","3","10"
"5075","2","A","2","14","E","3","10"
"5076","2","A","8","14","E","3","10"
"5077","2","A","11","14","E","3","10"
"5078","1","A","2","14","F","3","10"
"5079","1","A","5","14","F","3","10"
"5080","1","A","8","14","F","3","10"
"5081","1","A","11","14","F","3","10"
"5082","2","A","5","14","F","3","10"
"5083","2","A","8","14","F","3","10"
"5084","2","A","11","14","F","3","10"
"5085","1","A","2","14","G","3","10"
"5086","1","A","5","14","G","3","10"
"5087","1","A","8","14","G","3","10"
"5088","2","A","2","14","G","3","10"
"5089","2","A","5","14","G","3","10"
"5090","2","A","8","14","G","3","10"
"5091","2","A","11","14","G","3","10"
"5092","1","A","2","14","H","3","10"
"5093","1","A","5","14","H","3","10"
"5094","1","A","11","14","H","3","10"
"5095","2","A","2","14","H","3","10"
"5096","2","A","5","14","H","3","10"
"5097","2","A","8","14","H","3","10"
"5098","2","A","11","14","H","3","10"
"5099","1","A","2","14","A","4","10"
"5100","1","A","8","14","A","4","10"
"5101","1","A","11","14","A","4","10"
"5102","2","A","2","14","A","4","10"
"5103","2","A","5","14","A","4","10"
"5104","2","A","8","14","A","4","10"
"5105","2","A","11","14","A","4","10"
"5106","1","A","5","14","B","4","10"
"5107","1","A","8","14","B","4","10"
"5108","1","A","11","14","B","4","10"
"5109","2","A","2","14","B","4","10"
"5110","2","A","5","14","B","4","10"
"5111","2","A","8","14","B","4","10"
"5112","2","A","11","14","B","4","10"
"5113","1","A","2","14","C","4","10"
"5114","1","A","5","14","C","4","10"
"5115","1","A","8","14","C","4","10"
"5116","1","A","11","14","C","4","10"
"5117","2","A","2","14","C","4","10"
"5118","2","A","5","14","C","4","10"
"5119","2","A","8","14","C","4","10"
"5120","2","A","11","14","C","4","10"
"5121","1","A","2","14","D","4","10"
"5122","1","A","5","14","E","4","10"
"5123","1","A","8","14","F","4","10"
"5124","1","A","11","14","G","4","10"
"5125","2","A","2","14","H","4","10"
"5126","2","A","5","14","A","5","10"
"5127","2","A","8","14","B","5","10"
"5128","2","A","11","14","C","5","10"
"5129","1","A","2","14","D","5","10"
"5130","1","A","5","14","D","5","10"
"5131","1","A","2","14","E","5","10"
"5132","1","A","8","14","E","5","10"
"5133","1","A","2","14","F","5","10"
"5134","1","A","11","14","F","5","10"
"5135","1","A","2","14","G","5","10"
"5136","2","A","2","14","G","5","10"
"5137","1","A","2","14","H","5","10"
"5138","2","A","5","14","H","5","10"
"5139","1","A","2","14","A","6","10"
"5140","2","A","8","14","A","6","10"
"5141","1","A","2","14","B","6","10"
"5142","2","A","11","14","B","6","10"
"5143","1","A","5","14","C","6","10"
"5144","1","A","8","14","C","6","10"
"5145","1","A","5","14","D","6","10"
"5146","1","A","11","14","D","6","10"
"5147","1","A","5","14","E","6","10"
"5148","2","A","2","14","E","6","10"
"5149","1","A","5","14","F","6","10"
"5150","2","A","5","14","F","6","10"
"5151","1","A","5","14","G","6","10"
"5152","2","A","8","14","G","6","10"
"5153","1","A","5","14","H","6","10"
"5154","2","A","11","14","H","6","10"
"5155","1","A","8","14","A","7","10"
"5156","1","A","11","14","A","7","10"
"5157","1","A","8","14","B","7","10"
"5158","2","A","2","14","B","7","10"
"5159","1","A","8","14","C","7","10"
"5160","2","A","5","14","C","7","10"
"5161","1","A","8","14","D","7","10"
"5162","2","A","8","14","D","7","10"
"5163","1","A","8","14","E","7","10"
"5164","2","A","11","14","E","7","10"
"5165","1","A","11","14","F","7","10"
"5166","2","A","2","14","F","7","10"
"5167","1","A","11","14","G","7","10"
"5168","2","A","5","14","G","7","10"
"5169","1","A","11","14","H","7","10"
"5170","2","A","8","14","H","7","10"
"5171","1","A","11","14","A","8","10"
"5172","2","A","11","14","A","8","10"
"5173","2","A","2","14","B","8","10"
"5174","2","A","5","14","B","8","10"
"5175","2","A","2","14","C","8","10"
"5176","2","A","8","14","C","8","10"
"5177","2","A","2","14","D","8","10"
"5178","2","A","11","14","D","8","10"
"5179","2","A","5","14","E","8","10"
"5180","2","A","8","14","E","8","10"
"5181","2","A","5","14","F","8","10"
"5182","2","A","11","14","F","8","10"
"5183","2","A","8","14","G","8","10"
"5184","2","A","11","14","G","8","10"
"5185","1","A","2","14","H","8","10"
"5186","1","A","5","14","H","8","10"
"5187","1","A","8","14","H","8","10"
"5188","1","A","2","14","A","9","10"
"5189","1","A","5","14","A","9","10"
"5190","1","A","11","14","A","9","10"
"5191","1","A","2","14","B","9","10"
"5192","1","A","5","14","B","9","10"
"5193","2","A","2","14","B","9","10"
"5194","1","A","2","14","C","9","10"
"5195","1","A","5","14","C","9","10"
"5196","2","A","5","14","C","9","10"
"5197","1","A","2","14","D","9","10"
"5198","1","A","5","14","D","9","10"
"5199","2","A","8","14","D","9","10"
"5200","1","A","2","14","E","9","10"
"5201","1","A","5","14","E","9","10"
"5202","2","A","11","14","E","9","10"
"5203","1","A","2","14","F","9","10"
"5204","1","A","8","14","F","9","10"
"5205","1","A","11","14","F","9","10"
"5206","1","A","2","14","G","9","10"
"5207","1","A","8","14","G","9","10"
"5208","2","A","2","14","G","9","10"
"5209","1","A","2","14","H","9","10"
"5210","1","A","8","14","H","9","10"
"5211","2","A","5","14","H","9","10"
"5212","1","A","2","14","A","10","10"
"5213","1","A","8","14","A","10","10"
"5214","2","A","8","14","A","10","10"
"5215","1","A","2","14","B","10","10"
"5216","1","A","8","14","B","10","10"
"5217","2","A","11","14","B","10","10"
"5218","1","A","2","14","C","10","10"
"5219","1","A","11","14","C","10","10"
"5220","2","A","2","14","C","10","10"
"5221","1","A","2","14","D","10","10"
"5222","1","A","11","14","D","10","10"
"5223","2","A","5","14","D","10","10"
"5224","1","A","2","14","E","10","10"
"5225","1","A","11","14","E","10","10"
"5226","2","A","8","14","E","10","10"
"5227","1","A","2","14","F","10","10"
"5228","1","A","11","14","F","10","10"
"5229","2","A","11","14","F","10","10"
"5230","1","A","2","14","G","10","10"
"5231","2","A","2","14","G","10","10"
"5232","2","A","5","14","G","10","10"
"5233","1","A","2","14","H","10","10"
"5234","2","A","2","14","H","10","10"
"5235","2","A","8","14","H","10","10"
"5236","1","A","2","14","A","11","10"
"5237","2","A","2","14","A","11","10"
"5238","2","A","11","14","A","11","10"
"5239","1","B","2","14","B","11","10"
"5240","2","A","5","14","B","11","10"
"5241","2","A","8","14","B","11","10"
"5242","1","B","2","14","C","11","10"
"5243","2","A","5","14","C","11","10"
"5244","2","A","11","14","C","11","10"
"5245","1","B","2","14","D","11","10"
"5246","2","A","8","14","D","11","10"
"5247","2","A","11","14","D","11","10"
"5248","1","A","5","14","E","11","10"
"5249","1","A","8","14","E","11","10"
"5250","1","A","11","14","E","11","10"
"5251","1","A","5","14","F","11","10"
"5252","1","A","8","14","F","11","10"
"5253","2","A","2","14","F","11","10"
"5254","1","A","5","14","G","11","10"
"5255","1","A","8","14","G","11","10"
"5256","2","A","5","14","G","11","10"
"5257","1","A","5","14","H","11","10"
"5258","1","A","8","14","H","11","10"
"5259","2","A","8","14","H","11","10"
"5260","1","A","5","14","A","12","10"
"5261","1","A","8","14","A","12","10"
"5262","2","A","11","14","A","12","10"
"5263","1","A","5","14","B","12","10"
"5264","1","A","11","14","B","12","10"
"5265","2","A","2","14","B","12","10"
"5266","1","A","5","14","C","12","10"
"5267","1","A","11","14","C","12","10"
"5268","2","A","5","14","C","12","10"
"5269","1","A","5","14","D","12","10"
"5270","1","A","11","14","D","12","10"
"5271","2","A","8","14","D","12","10"
"5272","1","A","5","14","E","12","10"
"5273","1","A","11","14","E","12","10"
"5274","2","A","11","14","E","12","10"
"5275","1","A","5","14","F","12","10"
"5276","2","A","2","14","F","12","10"
"5277","2","A","5","14","F","12","10"
"5278","1","A","5","14","G","12","10"
"5279","2","A","2","14","G","12","10"
"5280","2","A","8","14","G","12","10"
"5281","1","A","5","14","H","12","10"
"5282","2","A","2","14","H","12","10"
"5283","2","A","11","14","H","12","10"
"5284","1","B","5","15","A","1","10"
"5285","2","A","5","15","A","1","10"
"5286","2","A","8","15","A","1","10"
"5287","1","B","5","15","B","1","10"
"5288","2","A","5","15","B","1","10"
"5289","2","A","11","15","B","1","10"
"5290","1","B","5","15","C","1","10"
"5291","2","A","8","15","C","1","10"
"5292","2","A","11","15","C","1","10"
"5293","1","A","8","15","D","1","10"
"5294","1","A","11","15","D","1","10"
"5295","2","A","2","15","D","1","10"
"5296","1","A","8","15","E","1","10"
"5297","1","A","11","15","E","1","10"
"5298","2","A","5","15","E","1","10"
"5299","1","A","8","15","F","1","10"
"5300","1","A","11","15","F","1","10"
"5301","2","A","8","15","F","1","10"
"5302","1","A","8","15","G","1","10"
"5303","1","A","11","15","G","1","10"
"5304","2","A","11","15","G","1","10"
"5305","1","A","8","15","H","1","10"
"5306","2","A","2","15","H","1","10"
"5307","2","A","5","15","H","1","10"
"5308","1","A","8","15","A","2","10"
"5309","2","A","2","15","A","2","10"
"5310","2","A","8","15","A","2","10"
"5311","1","A","8","15","B","2","10"
"5312","2","A","2","15","B","2","10"
"5313","2","A","11","15","B","2","10"
"5314","1","B","8","15","C","2","10"
"5315","2","A","5","15","C","2","10"
"5316","2","A","8","15","C","2","10"
"5317","1","B","8","15","D","2","10"
"5318","2","A","5","15","D","2","10"
"5319","2","A","11","15","D","2","10"
"5320","1","B","8","15","E","2","10"
"5321","2","A","8","15","E","2","10"
"5322","2","A","11","15","E","2","10"
"5323","1","A","11","15","F","2","10"
"5324","2","A","2","15","F","2","10"
"5325","2","A","5","15","F","2","10"
"5326","1","A","11","15","G","2","10"
"5327","2","A","2","15","G","2","10"
"5328","2","A","8","15","G","2","10"
"5329","1","A","11","15","H","2","10"
"5330","2","A","2","15","H","2","10"
"5331","2","A","11","15","H","2","10"
"5332","1","B","11","15","A","3","10"
"5333","2","A","5","15","A","3","10"
"5334","2","A","8","15","A","3","10"
"5335","1","B","11","15","B","3","10"
"5336","2","A","5","15","B","3","10"
"5337","2","A","11","15","B","3","10"
"5338","1","B","11","15","C","3","10"
"5339","2","A","8","15","C","3","10"
"5340","2","A","11","15","C","3","10"
"5341","2","B","2","15","D","3","10"
"5342","2","B","5","15","D","3","10"
"5343","2","B","8","15","D","3","10"
"5344","2","B","2","15","E","3","10"
"5345","2","B","5","15","E","3","10"
"5346","2","B","11","15","E","3","10"
"5347","2","B","2","15","F","3","10"
"5348","2","B","8","15","F","3","10"
"5349","2","B","11","15","F","3","10"
"5350","2","B","5","15","G","3","10"
"5351","2","B","8","15","G","3","10"
"5352","2","B","11","15","G","3","10"
"5353","1","B","2","15","H","3","10"
"5354","1","B","5","15","H","3","10"
"5355","1","B","8","15","H","3","10"
"5356","1","B","11","15","H","3","10"
"5357","1","B","2","15","A","4","10"
"5358","1","B","5","15","A","4","10"
"5359","1","B","8","15","A","4","10"
"5360","2","B","2","15","A","4","10"
"5361","1","B","2","15","B","4","10"
"5362","1","B","5","15","B","4","10"
"5363","1","B","8","15","B","4","10"
"5364","2","B","5","15","B","4","10"
"5365","1","B","2","15","C","4","10"
"5366","1","B","5","15","C","4","10"
"5367","1","B","8","15","C","4","10"
"5368","2","B","8","15","C","4","10"
"5369","1","B","2","15","D","4","10"
"5370","1","B","5","15","D","4","10"
"5371","1","B","8","15","D","4","10"
"5372","2","B","11","15","D","4","10"
"5373","1","B","2","15","E","4","10"
"5374","1","B","5","15","E","4","10"
"5375","1","B","11","15","E","4","10"
"5376","2","B","2","15","E","4","10"
"5377","1","B","2","15","F","4","10"
"5378","1","B","5","15","F","4","10"
"5379","1","B","11","15","F","4","10"
"5380","2","B","5","15","F","4","10"
"5381","1","B","2","15","G","4","10"
"5382","1","B","5","15","G","4","10"
"5383","1","B","11","15","G","4","10"
"5384","2","B","8","15","G","4","10"
"5385","1","B","2","15","H","4","10"
"5386","1","B","5","15","H","4","10"
"5387","1","B","11","15","H","4","10"
"5388","2","B","11","15","H","4","10"
"5389","1","B","2","15","A","5","10"
"5390","1","B","5","15","A","5","10"
"5391","2","B","2","15","A","5","10"
"5392","2","B","5","15","A","5","10"
"5393","1","B","2","15","B","5","10"
"5394","1","B","5","15","B","5","10"
"5395","2","B","2","15","B","5","10"
"5396","2","B","8","15","B","5","10"
"5397","1","B","2","15","C","5","10"
"5398","1","B","5","15","C","5","10"
"5399","2","B","2","15","C","5","10"
"5400","2","B","11","15","C","5","10"
"5401","1","B","2","15","D","5","10"
"5402","1","B","5","15","D","5","10"
"5403","2","B","5","15","D","5","10"
"5404","2","B","8","15","D","5","10"
"5405","1","B","2","15","E","5","10"
"5406","1","B","5","15","E","5","10"
"5407","2","B","5","15","E","5","10"
"5408","2","B","11","15","E","5","10"
"5409","1","B","2","15","F","5","10"
"5410","1","B","5","15","F","5","10"
"5411","2","B","8","15","F","5","10"
"5412","2","B","11","15","F","5","10"
"5413","1","B","2","15","G","5","10"
"5414","1","B","8","15","G","5","10"
"5415","1","B","11","15","G","5","10"
"5416","2","B","2","15","G","5","10"
"5417","1","B","2","15","H","5","10"
"5418","1","B","8","15","H","5","10"
"5419","1","B","11","15","H","5","10"
"5420","2","B","5","15","H","5","10"
"5421","1","B","2","15","A","6","10"
"5422","1","B","8","15","A","6","10"
"5423","1","B","11","15","A","6","10"
"5424","2","B","8","15","A","6","10"
"5425","1","B","2","15","B","6","10"
"5426","1","B","8","15","B","6","10"
"5427","1","B","11","15","B","6","10"
"5428","2","B","11","15","B","6","10"
"5429","1","B","2","15","C","6","10"
"5430","1","B","8","15","C","6","10"
"5431","2","B","2","15","C","6","10"
"5432","2","B","5","15","C","6","10"
"5433","1","B","2","15","D","6","10"
"5434","1","B","8","15","D","6","10"
"5435","2","B","2","15","D","6","10"
"5436","2","B","8","15","D","6","10"
"5437","1","B","2","15","E","6","10"
"5438","1","B","8","15","E","6","10"
"5439","2","B","2","15","E","6","10"
"5440","2","B","11","15","E","6","10"
"5441","1","B","2","15","F","6","10"
"5442","1","B","8","15","F","6","10"
"5443","2","B","5","15","F","6","10"
"5444","2","B","8","15","F","6","10"
"5445","1","B","2","15","G","6","10"
"5446","1","B","8","15","G","6","10"
"5447","2","B","5","15","G","6","10"
"5448","2","B","11","15","G","6","10"
"5449","1","B","2","15","H","6","10"
"5450","1","B","8","15","H","6","10"
"5451","2","B","8","15","H","6","10"
"5452","2","B","11","15","H","6","10"
"5453","1","B","2","15","A","7","10"
"5454","1","B","11","15","A","7","10"
"5455","2","B","2","15","A","7","10"
"5456","2","B","5","15","A","7","10"
"5457","1","B","2","15","B","7","10"
"5458","1","B","11","15","B","7","10"
"5459","2","B","2","15","B","7","10"
"5460","2","B","8","15","B","7","10"
"5461","1","B","2","15","C","7","10"
"5462","1","B","11","15","C","7","10"
"5463","2","B","2","15","C","7","10"
"5464","2","B","11","15","C","7","10"
"5465","1","B","2","15","D","7","10"
"5466","1","B","11","15","D","7","10"
"5467","2","B","5","15","D","7","10"
"5468","2","B","8","15","D","7","10"
"5469","1","B","2","15","E","7","10"
"5470","1","B","11","15","E","7","10"
"5471","2","B","5","15","E","7","10"
"5472","2","B","11","15","E","7","10"
"5473","1","B","2","15","F","7","10"
"5474","1","B","11","15","F","7","10"
"5475","2","B","8","15","F","7","10"
"5476","2","B","11","15","F","7","10"
"5477","1","B","2","15","G","7","10"
"5478","2","B","2","15","G","7","10"
"5479","2","B","5","15","G","7","10"
"5480","2","B","8","15","G","7","10"
"5481","1","B","2","15","H","7","10"
"5482","2","B","2","15","H","7","10"
"5483","2","B","5","15","H","7","10"
"5484","2","B","11","15","H","7","10"
"5485","1","B","2","15","A","8","10"
"5486","2","B","2","15","A","8","10"
"5487","2","B","8","15","A","8","10"
"5488","2","B","11","15","A","8","10"
"5489","1","B","2","15","B","8","10"
"5490","2","B","5","15","B","8","10"
"5491","2","B","8","15","B","8","10"
"5492","2","B","11","15","B","8","10"
"5493","1","B","5","15","C","8","10"
"5494","1","B","8","15","C","8","10"
"5495","1","B","11","15","C","8","10"
"5496","2","B","2","15","C","8","10"
"5497","1","B","5","15","D","8","10"
"5498","1","B","8","15","D","8","10"
"5499","1","B","11","15","D","8","10"
"5500","2","B","5","15","D","8","10"
"5501","1","B","5","15","E","8","10"
"5502","1","B","8","15","E","8","10"
"5503","1","B","11","15","E","8","10"
"5504","2","B","8","15","E","8","10"
"5505","1","B","5","15","F","8","10"
"5506","1","B","8","15","F","8","10"
"5507","1","B","11","15","F","8","10"
"5508","2","B","11","15","F","8","10"
"5509","1","B","5","15","G","8","10"
"5510","1","B","8","15","G","8","10"
"5511","2","B","2","15","G","8","10"
"5512","2","B","5","15","G","8","10"
"5513","1","B","5","15","H","8","10"
"5514","1","B","8","15","H","8","10"
"5515","2","B","2","15","H","8","10"
"5516","2","B","8","15","H","8","10"
"5517","1","B","5","15","A","9","10"
"5518","1","B","8","15","A","9","10"
"5519","2","B","2","15","A","9","10"
"5520","2","B","11","15","A","9","10"
"5521","1","B","5","15","B","9","10"
"5522","1","B","8","15","B","9","10"
"5523","2","B","5","15","B","9","10"
"5524","2","B","8","15","B","9","10"
"5525","1","B","5","15","C","9","10"
"5526","1","B","8","15","C","9","10"
"5527","2","B","5","15","C","9","10"
"5528","2","B","11","15","C","9","10"
"5529","1","B","5","15","D","9","10"
"5530","1","B","8","15","D","9","10"
"5531","2","B","8","15","D","9","10"
"5532","2","B","11","15","D","9","10"
"5533","1","B","5","15","E","9","10"
"5534","1","B","11","15","E","9","10"
"5535","2","B","2","15","E","9","10"
"5536","2","B","5","15","E","9","10"
"5537","1","B","5","15","F","9","10"
"5538","1","B","11","15","F","9","10"
"5539","2","B","2","15","F","9","10"
"5540","2","B","8","15","F","9","10"
"5541","1","B","5","15","G","9","10"
"5542","1","B","11","15","G","9","10"
"5543","2","B","2","15","G","9","10"
"5544","2","B","11","15","G","9","10"
"5545","1","B","5","15","H","9","10"
"5546","1","B","11","15","H","9","10"
"5547","2","B","5","15","H","9","10"
"5548","2","B","8","15","H","9","10"
"5549","1","B","5","15","A","10","10"
"5550","1","B","11","15","A","10","10"
"5551","2","B","5","15","A","10","10"
"5552","2","B","11","15","A","10","10"
"5553","1","B","5","15","B","10","10"
"5554","1","B","11","15","B","10","10"
"5555","2","B","8","15","B","10","10"
"5556","2","B","11","15","B","10","10"
"5557","1","B","5","15","C","10","10"
"5558","2","B","2","15","C","10","10"
"5559","2","B","5","15","C","10","10"
"5560","2","B","8","15","C","10","10"
"5561","1","B","5","15","D","10","10"
"5562","2","B","2","15","D","10","10"
"5563","2","B","5","15","D","10","10"
"5564","2","B","11","15","D","10","10"
"5565","1","B","5","15","E","10","10"
"5566","2","B","2","15","E","10","10"
"5567","2","B","8","15","E","10","10"
"5568","2","B","11","15","E","10","10"
"5569","1","B","5","15","F","10","10"
"5570","2","B","5","15","F","10","10"
"5571","2","B","8","15","F","10","10"
"5572","2","B","11","15","F","10","10"
"5573","1","B","8","15","G","10","10"
"5574","1","B","11","15","G","10","10"
"5575","2","B","2","15","G","10","10"
"5576","2","B","5","15","G","10","10"
"5577","1","B","8","15","H","10","10"
"5578","1","B","11","15","H","10","10"
"5579","2","B","2","15","H","10","10"
"5580","2","B","8","15","H","10","10"
"5581","1","B","8","15","A","11","10"
"5582","1","B","11","15","A","11","10"
"5583","2","B","2","15","A","11","10"
"5584","2","B","11","15","A","11","10"
"5585","1","B","8","15","B","11","10"
"5586","1","B","11","15","B","11","10"
"5587","2","B","5","15","B","11","10"
"5588","2","B","8","15","B","11","10"
"5589","1","B","8","15","C","11","10"
"5590","1","B","11","15","C","11","10"
"5591","2","B","5","15","C","11","10"
"5592","2","B","11","15","C","11","10"
"5593","1","B","8","15","D","11","10"
"5594","1","B","11","15","D","11","10"
"5595","2","B","8","15","D","11","10"
"5596","2","B","11","15","D","11","10"
"5597","1","B","8","15","E","11","10"
"5598","2","B","2","15","E","11","10"
"5599","2","B","5","15","E","11","10"
"5600","2","B","8","15","E","11","10"
"5601","1","B","8","15","F","11","10"
"5602","2","B","2","15","F","11","10"
"5603","2","B","5","15","F","11","10"
"5604","2","B","11","15","F","11","10"
"5605","1","B","8","15","G","11","10"
"5606","2","B","2","15","G","11","10"
"5607","2","B","8","15","G","11","10"
"5608","2","B","11","15","G","11","10"
"5609","1","B","8","15","H","11","10"
"5610","2","B","5","15","H","11","10"
"5611","2","B","8","15","H","11","10"
"5612","2","B","11","15","H","11","10"
"5613","1","B","11","15","A","12","10"
"5614","2","B","2","15","A","12","10"
"5615","2","B","5","15","A","12","10"
"5616","2","B","8","15","A","12","10"
"5617","1","B","11","15","B","12","10"
"5618","2","B","2","15","B","12","10"
"5619","2","B","5","15","B","12","10"
"5620","2","B","11","15","B","12","10"
"5621","1","B","11","15","C","12","10"
"5622","2","B","2","15","C","12","10"
"5623","2","B","8","15","C","12","10"
"5624","2","B","11","15","C","12","10"
"5625","1","B","11","15","D","12","10"
"5626","2","B","5","15","D","12","10"
"5627","2","B","8","15","D","12","10"
"5628","2","B","11","15","D","12","10"
"5629","2","B","2","15","E","12","10"
"5630","2","B","5","15","E","12","10"
"5631","2","B","8","15","E","12","10"
"5632","2","B","11","15","E","12","10"
"5633","1","B","2","15","F","12","10"
"5634","1","B","5","15","F","12","10"
"5635","1","B","8","15","F","12","10"
"5636","1","B","11","15","F","12","10"
"5637","2","B","2","15","F","12","10"
"5638","1","B","2","15","G","12","10"
"5639","1","B","5","15","G","12","10"
"5640","1","B","8","15","G","12","10"
"5641","1","B","11","15","G","12","10"
"5642","2","B","5","15","G","12","10"
"5643","1","B","2","15","H","12","10"
"5644","1","B","5","15","H","12","10"
"5645","1","B","8","15","H","12","10"
"5646","1","B","11","15","H","12","10"
"5647","2","B","8","15","H","12","10"
"5648","1","B","2","16","A","1","10"
"5649","1","B","5","16","A","1","10"
"5650","1","B","8","16","A","1","10"
"5651","1","B","11","16","A","1","10"
"5652","2","B","11","16","A","1","10"
"5653","1","B","2","16","B","1","10"
"5654","1","B","5","16","B","1","10"
"5655","1","B","8","16","B","1","10"
"5656","2","B","2","16","B","1","10"
"5657","2","B","5","16","B","1","10"
"5658","1","B","2","16","C","1","10"
"5659","1","B","5","16","C","1","10"
"5660","1","B","8","16","C","1","10"
"5661","2","B","2","16","C","1","10"
"5662","2","B","8","16","C","1","10"
"5663","1","B","2","16","D","1","10"
"5664","1","B","5","16","D","1","10"
"5665","1","B","8","16","D","1","10"
"5666","2","B","2","16","D","1","10"
"5667","2","B","11","16","D","1","10"
"5668","1","B","2","16","E","1","10"
"5669","1","B","5","16","E","1","10"
"5670","1","B","8","16","E","1","10"
"5671","2","B","5","16","E","1","10"
"5672","2","B","8","16","E","1","10"
"5673","1","B","2","16","F","1","10"
"5674","1","B","5","16","F","1","10"
"5675","1","B","8","16","F","1","10"
"5676","2","B","5","16","F","1","10"
"5677","2","B","11","16","F","1","10"
"5678","1","B","2","16","G","1","10"
"5679","1","B","5","16","G","1","10"
"5680","1","B","8","16","G","1","10"
"5681","2","B","8","16","G","1","10"
"5682","2","B","11","16","G","1","10"
"5683","1","B","2","16","H","1","10"
"5684","1","B","5","16","H","1","10"
"5685","1","B","11","16","H","1","10"
"5686","2","B","2","16","H","1","10"
"5687","2","B","5","16","H","1","10"
"5688","1","B","2","16","A","2","10"
"5689","1","B","5","16","A","2","10"
"5690","1","B","11","16","A","2","10"
"5691","2","B","2","16","A","2","10"
"5692","2","B","8","16","A","2","10"
"5693","1","B","2","16","B","2","10"
"5694","1","B","5","16","B","2","10"
"5695","1","B","11","16","B","2","10"
"5696","2","B","2","16","B","2","10"
"5697","2","B","11","16","B","2","10"
"5698","1","B","2","16","C","2","10"
"5699","1","B","5","16","C","2","10"
"5700","1","B","11","16","C","2","10"
"5701","2","B","5","16","C","2","10"
"5702","2","B","8","16","C","2","10"
"5703","1","B","2","16","D","2","10"
"5704","1","B","5","16","D","2","10"
"5705","1","B","11","16","D","2","10"
"5706","2","B","5","16","D","2","10"
"5707","2","B","11","16","D","2","10"
"5708","1","B","2","16","E","2","10"
"5709","1","B","5","16","E","2","10"
"5710","1","B","11","16","E","2","10"
"5711","2","B","8","16","E","2","10"
"5712","2","B","11","16","E","2","10"
"5713","1","B","2","16","F","2","10"
"5714","1","B","5","16","F","2","10"
"5715","2","B","2","16","F","2","10"
"5716","2","B","5","16","F","2","10"
"5717","2","B","8","16","F","2","10"
"5718","1","B","2","16","G","2","10"
"5719","1","B","5","16","G","2","10"
"5720","2","B","2","16","G","2","10"
"5721","2","B","5","16","G","2","10"
"5722","2","B","11","16","G","2","10"
"5723","1","B","2","16","H","2","10"
"5724","1","B","5","16","H","2","10"
"5725","2","B","2","16","H","2","10"
"5726","2","B","8","16","H","2","10"
"5727","2","B","11","16","H","2","10"
"5728","1","B","2","16","A","3","10"
"5729","1","B","5","16","A","3","10"
"5730","2","B","5","16","A","3","10"
"5731","2","B","8","16","A","3","10"
"5732","2","B","11","16","A","3","10"
"5733","1","B","2","16","B","3","10"
"5734","1","B","8","16","B","3","10"
"5735","1","B","11","16","B","3","10"
"5736","2","B","2","16","B","3","10"
"5737","2","B","5","16","B","3","10"
"5738","1","B","2","16","C","3","10"
"5739","1","B","8","16","C","3","10"
"5740","1","B","11","16","C","3","10"
"5741","2","B","2","16","C","3","10"
"5742","2","B","8","16","C","3","10"
"5743","1","B","2","16","D","3","10"
"5744","1","B","8","16","D","3","10"
"5745","1","B","11","16","D","3","10"
"5746","2","B","2","16","D","3","10"
"5747","2","B","11","16","D","3","10"
"5748","1","B","2","16","E","3","10"
"5749","1","B","8","16","E","3","10"
"5750","1","B","11","16","E","3","10"
"5751","2","B","5","16","E","3","10"
"5752","2","B","8","16","E","3","10"
"5753","1","B","2","16","F","3","10"
"5754","1","B","8","16","F","3","10"
"5755","1","B","11","16","F","3","10"
"5756","2","B","5","16","F","3","10"
"5757","2","B","11","16","F","3","10"
"5758","1","B","2","16","G","3","10"
"5759","1","B","8","16","G","3","10"
"5760","1","B","11","16","G","3","10"
"5761","2","B","8","16","G","3","10"
"5762","2","B","11","16","G","3","10"
"5763","1","B","2","16","H","3","10"
"5764","1","B","8","16","H","3","10"
"5765","2","B","2","16","H","3","10"
"5766","2","B","5","16","H","3","10"
"5767","2","B","8","16","H","3","10"
"5768","1","B","2","16","A","4","10"
"5769","1","B","8","16","A","4","10"
"5770","2","B","2","16","A","4","10"
"5771","2","B","5","16","A","4","10"
"5772","2","B","11","16","A","4","10"
"5773","1","B","2","16","B","4","10"
"5774","1","B","8","16","B","4","10"
"5775","2","B","2","16","B","4","10"
"5776","2","B","8","16","B","4","10"
"5777","2","B","11","16","B","4","10"
"5778","1","B","2","16","C","4","10"
"5779","1","B","8","16","C","4","10"
"5780","2","B","5","16","C","4","10"
"5781","2","B","8","16","C","4","10"
"5782","2","B","11","16","C","4","10"
"5783","1","B","2","16","D","4","10"
"5784","1","B","11","16","D","4","10"
"5785","2","B","2","16","D","4","10"
"5786","2","B","5","16","D","4","10"
"5787","2","B","8","16","D","4","10"
"5788","1","B","2","16","E","4","10"
"5789","1","B","11","16","E","4","10"
"5790","2","B","2","16","E","4","10"
"5791","2","B","5","16","E","4","10"
"5792","2","B","11","16","E","4","10"
"5793","1","B","2","16","F","4","10"
"5794","1","B","11","16","F","4","10"
"5795","2","B","2","16","F","4","10"
"5796","2","B","8","16","F","4","10"
"5797","2","B","11","16","F","4","10"
"5798","1","B","2","16","G","4","10"
"5799","1","B","11","16","G","4","10"
"5800","2","B","5","16","G","4","10"
"5801","2","B","8","16","G","4","10"
"5802","2","B","11","16","G","4","10"
"5803","1","B","2","16","H","4","10"
"5804","2","B","2","16","H","4","10"
"5805","2","B","5","16","H","4","10"
"5806","2","B","8","16","H","4","10"
"5807","2","B","11","16","H","4","10"
"5808","1","B","5","16","A","5","10"
"5809","1","B","8","16","A","5","10"
"5810","1","B","11","16","A","5","10"
"5811","2","B","2","16","A","5","10"
"5812","2","B","5","16","A","5","10"
"5813","1","B","5","16","B","5","10"
"5814","1","B","8","16","B","5","10"
"5815","1","B","11","16","B","5","10"
"5816","2","B","2","16","B","5","10"
"5817","2","B","8","16","B","5","10"
"5818","1","B","5","16","C","5","10"
"5819","1","B","8","16","C","5","10"
"5820","1","B","11","16","C","5","10"
"5821","2","B","2","16","C","5","10"
"5822","2","B","11","16","C","5","10"
"5823","1","B","5","16","D","5","10"
"5824","1","B","8","16","D","5","10"
"5825","1","B","11","16","D","5","10"
"5826","2","B","5","16","D","5","10"
"5827","2","B","8","16","D","5","10"
"5828","1","B","5","16","E","5","10"
"5829","1","B","8","16","E","5","10"
"5830","1","B","11","16","E","5","10"
"5831","2","B","5","16","E","5","10"
"5832","2","B","11","16","E","5","10"
"5833","1","B","5","16","F","5","10"
"5834","1","B","8","16","F","5","10"
"5835","1","B","11","16","F","5","10"
"5836","2","B","8","16","F","5","10"
"5837","2","B","11","16","F","5","10"
"5838","1","B","5","16","G","5","10"
"5839","1","B","8","16","G","5","10"
"5840","2","B","2","16","G","5","10"
"5841","2","B","5","16","G","5","10"
"5842","2","B","8","16","G","5","10"
"5843","1","B","5","16","H","5","10"
"5844","1","B","8","16","H","5","10"
"5845","2","B","2","16","H","5","10"
"5846","2","B","5","16","H","5","10"
"5847","2","B","11","16","H","5","10"
"5848","1","B","5","16","A","6","10"
"5849","1","B","8","16","A","6","10"
"5850","2","B","2","16","A","6","10"
"5851","2","B","8","16","A","6","10"
"5852","2","B","11","16","A","6","10"
"5853","1","B","5","16","B","6","10"
"5854","1","B","8","16","B","6","10"
"5855","2","B","5","16","B","6","10"
"5856","2","B","8","16","B","6","10"
"5857","2","B","11","16","B","6","10"
"5858","1","B","5","16","C","6","10"
"5859","1","B","11","16","C","6","10"
"5860","2","B","2","16","C","6","10"
"5861","2","B","5","16","C","6","10"
"5862","2","B","8","16","C","6","10"
"5863","1","B","5","16","D","6","10"
"5864","1","B","11","16","D","6","10"
"5865","2","B","2","16","D","6","10"
"5866","2","B","5","16","D","6","10"
"5867","2","B","11","16","D","6","10"
"5868","1","B","5","16","E","6","10"
"5869","1","B","11","16","E","6","10"
"5870","2","B","2","16","E","6","10"
"5871","2","B","8","16","E","6","10"
"5872","2","B","11","16","E","6","10"
"5873","1","B","5","16","F","6","10"
"5874","1","B","11","16","F","6","10"
"5875","2","B","5","16","F","6","10"
"5876","2","B","8","16","F","6","10"
"5877","2","B","11","16","F","6","10"
"5878","1","B","5","16","G","6","10"
"5879","2","B","2","16","G","6","10"
"5880","2","B","5","16","G","6","10"
"5881","2","B","8","16","G","6","10"
"5882","2","B","11","16","G","6","10"
"5883","1","B","8","16","H","6","10"
"5884","1","B","11","16","H","6","10"
"5885","2","B","2","16","H","6","10"
"5886","2","B","5","16","H","6","10"
"5887","2","B","8","16","H","6","10"
"5888","1","B","8","16","A","7","10"
"5889","1","B","11","16","A","7","10"
"5890","2","B","2","16","A","7","10"
"5891","2","B","5","16","A","7","10"
"5892","2","B","11","16","A","7","10"
"5893","1","B","8","16","B","7","10"
"5894","1","B","11","16","B","7","10"
"5895","2","B","2","16","B","7","10"
"5896","2","B","8","16","B","7","10"
"5897","2","B","11","16","B","7","10"
"5898","1","B","8","16","C","7","10"
"5899","1","B","11","16","C","7","10"
"5900","2","B","5","16","C","7","10"
"5901","2","B","8","16","C","7","10"
"5902","2","B","11","16","C","7","10"
"5903","1","B","8","16","D","7","10"
"5904","2","B","2","16","D","7","10"
"5905","2","B","5","16","D","7","10"
"5906","2","B","8","16","D","7","10"
"5907","2","B","11","16","D","7","10"
"5908","1","B","11","16","E","7","10"
"5909","2","B","2","16","E","7","10"
"5910","2","B","5","16","E","7","10"
"5911","2","B","8","16","E","7","10"
"5912","2","B","11","16","E","7","10"
"5913","1","B","2","16","F","7","10"
"5914","1","B","5","16","F","7","10"
"5915","1","B","8","16","F","7","10"
"5916","1","B","11","16","F","7","10"
"5917","2","B","2","16","F","7","10"
"5918","2","B","5","16","F","7","10"
"5919","1","C","2","16","G","7","10"
"5920","1","C","5","16","G","7","10"
"5921","1","C","8","16","G","7","10"
"5922","1","C","11","16","G","7","10"
"5923","2","C","2","16","G","7","10"
"5924","2","B","8","16","G","7","10"
"5925","1","C","2","16","H","7","10"
"5926","1","C","5","16","H","7","10"
"5927","1","C","8","16","H","7","10"
"5928","1","C","11","16","H","7","10"
"5929","2","C","2","16","H","7","10"
"5930","2","B","11","16","H","7","10"
"5931","1","C","2","16","A","8","10"
"5932","1","C","5","16","A","8","10"
"5933","1","C","8","16","A","8","10"
"5934","1","C","11","16","A","8","10"
"5935","2","C","5","16","A","8","10"
"5936","2","C","8","16","A","8","10"
"5937","1","C","2","16","B","8","10"
"5938","1","C","5","16","B","8","10"
"5939","1","C","8","16","B","8","10"
"5940","1","C","11","16","B","8","10"
"5941","2","C","5","16","B","8","10"
"5942","2","C","11","16","B","8","10"
"5943","1","C","2","16","C","8","10"
"5944","1","C","5","16","C","8","10"
"5945","1","C","8","16","C","8","10"
"5946","1","C","11","16","C","8","10"
"5947","2","C","8","16","C","8","10"
"5948","2","C","11","16","C","8","10"
"5949","1","C","2","16","D","8","10"
"5950","1","C","5","16","D","8","10"
"5951","1","C","8","16","D","8","10"
"5952","2","C","2","16","D","8","10"
"5953","2","C","5","16","D","8","10"
"5954","2","C","8","16","D","8","10"
"5955","1","C","2","16","E","8","10"
"5956","1","C","5","16","E","8","10"
"5957","1","C","8","16","E","8","10"
"5958","2","C","2","16","E","8","10"
"5959","2","C","5","16","E","8","10"
"5960","2","C","11","16","E","8","10"
"5961","1","C","2","16","F","8","10"
"5962","1","C","5","16","F","8","10"
"5963","1","C","8","16","F","8","10"
"5964","2","C","2","16","F","8","10"
"5965","2","C","8","16","F","8","10"
"5966","2","C","11","16","F","8","10"
"5967","1","C","2","16","G","8","10"
"5968","1","C","5","16","G","8","10"
"5969","1","C","8","16","G","8","10"
"5970","2","C","5","16","G","8","10"
"5971","2","C","8","16","G","8","10"
"5972","2","C","11","16","G","8","10"
"5973","1","C","2","16","H","8","10"
"5974","1","C","5","16","H","8","10"
"5975","1","C","11","16","H","8","10"
"5976","2","C","2","16","H","8","10"
"5977","2","C","5","16","H","8","10"
"5978","2","C","8","16","H","8","10"
"5979","1","C","2","16","A","9","10"
"5980","1","C","5","16","A","9","10"
"5981","1","C","11","16","A","9","10"
"5982","2","C","2","16","A","9","10"
"5983","2","C","5","16","A","9","10"
"5984","2","C","11","16","A","9","10"
"5985","1","C","2","16","B","9","10"
"5986","1","C","5","16","B","9","10"
"5987","1","C","11","16","B","9","10"
"5988","2","C","2","16","B","9","10"
"5989","2","C","8","16","B","9","10"
"5990","2","C","11","16","B","9","10"
"5991","1","C","2","16","C","9","10"
"5992","1","C","5","16","C","9","10"
"5993","1","C","11","16","C","9","10"
"5994","2","C","5","16","C","9","10"
"5995","2","C","8","16","C","9","10"
"5996","2","C","11","16","C","9","10"
"5997","1","C","2","16","D","9","10"
"5998","1","C","5","16","D","9","10"
"5999","2","C","2","16","D","9","10"
"6000","2","C","5","16","D","9","10"
"6001","2","C","8","16","D","9","10"
"6002","2","C","11","16","D","9","10"
"6003","1","C","2","16","E","9","10"
"6004","1","C","8","16","E","9","10"
"6005","1","C","11","16","E","9","10"
"6006","2","C","2","16","E","9","10"
"6007","2","C","5","16","E","9","10"
"6008","2","C","8","16","E","9","10"
"6009","1","C","2","16","F","9","10"
"6010","1","C","8","16","F","9","10"
"6011","1","C","11","16","F","9","10"
"6012","2","C","2","16","F","9","10"
"6013","2","C","5","16","F","9","10"
"6014","2","C","11","16","F","9","10"
"6015","1","C","2","16","G","9","10"
"6016","1","C","8","16","G","9","10"
"6017","1","C","11","16","G","9","10"
"6018","2","C","2","16","G","9","10"
"6019","2","C","8","16","G","9","10"
"6020","2","C","11","16","G","9","10"
"6021","1","C","2","16","H","9","10"
"6022","1","C","8","16","H","9","10"
"6023","1","C","11","16","H","9","10"
"6024","2","C","5","16","H","9","10"
"6025","2","C","8","16","H","9","10"
"6026","2","C","11","16","H","9","10"
"6027","1","C","2","16","A","10","10"
"6028","1","C","8","16","A","10","10"
"6029","2","C","2","16","A","10","10"
"6030","2","C","5","16","A","10","10"
"6031","2","C","8","16","A","10","10"
"6032","2","C","11","16","A","10","10"
"6033","1","C","2","16","B","10","10"
"6034","1","C","11","16","B","10","10"
"6035","2","C","2","16","B","10","10"
"6036","2","C","5","16","B","10","10"
"6037","2","C","8","16","B","10","10"
"6038","2","C","11","16","B","10","10"
"6039","1","C","5","16","C","10","10"
"6040","1","C","8","16","C","10","10"
"6041","1","C","11","16","C","10","10"
"6042","2","C","2","16","C","10","10"
"6043","2","C","5","16","C","10","10"
"6044","2","C","8","16","C","10","10"
"6045","1","C","5","16","D","10","10"
"6046","1","C","8","16","D","10","10"
"6047","1","C","11","16","D","10","10"
"6048","2","C","2","16","D","10","10"
"6049","2","C","5","16","D","10","10"
"6050","2","C","11","16","D","10","10"
"6051","1","C","5","16","E","10","10"
"6052","1","C","8","16","E","10","10"
"6053","1","C","11","16","E","10","10"
"6054","2","C","2","16","E","10","10"
"6055","2","C","8","16","E","10","10"
"6056","2","C","11","16","E","10","10"
"6057","1","C","5","16","F","10","10"
"6058","1","C","8","16","F","10","10"
"6059","1","C","11","16","F","10","10"
"6060","2","C","5","16","F","10","10"
"6061","2","C","8","16","F","10","10"
"6062","2","C","11","16","F","10","10"
"6063","1","C","5","16","G","10","10"
"6064","1","C","8","16","G","10","10"
"6065","2","C","2","16","G","10","10"
"6066","2","C","5","16","G","10","10"
"6067","2","C","8","16","G","10","10"
"6068","2","C","11","16","G","10","10"
"6069","1","C","5","16","H","10","10"
"6070","1","C","11","16","H","10","10"
"6071","2","C","2","16","H","10","10"
"6072","2","C","5","16","H","10","10"
"6073","2","C","8","16","H","10","10"
"6074","2","C","11","16","H","10","10"
"6075","1","C","8","16","A","11","10"
"6076","1","C","11","16","A","11","10"
"6077","2","C","2","16","A","11","10"
"6078","2","C","5","16","A","11","10"
"6079","2","C","8","16","A","11","10"
"6080","2","C","11","16","A","11","10"
"6081","1","C","2","16","B","11","10"
"6082","1","C","5","16","B","11","10"
"6083","1","C","8","16","B","11","10"
"6084","1","C","11","16","B","11","10"
"6085","2","C","2","16","B","11","10"
"6086","2","C","5","16","B","11","10"
"6087","2","C","8","16","B","11","10"
"6088","1","C","2","16","C","11","10"
"6089","1","C","5","16","C","11","10"
"6090","1","C","8","16","C","11","10"
"6091","1","C","11","16","C","11","10"
"6092","2","C","2","16","C","11","10"
"6093","2","C","5","16","C","11","10"
"6094","2","C","11","16","C","11","10"
"6095","1","C","2","16","D","11","10"
"6096","1","C","5","16","D","11","10"
"6097","1","C","8","16","D","11","10"
"6098","1","C","11","16","D","11","10"
"6099","2","C","2","16","D","11","10"
"6100","2","C","8","16","D","11","10"
"6101","2","C","11","16","D","11","10"
"6102","1","C","2","16","E","11","10"
"6103","1","C","5","16","E","11","10"
"6104","1","C","8","16","E","11","10"
"6105","1","C","11","16","E","11","10"
"6106","2","C","5","16","E","11","10"
"6107","2","C","8","16","E","11","10"
"6108","2","C","11","16","E","11","10"
"6109","1","C","2","16","F","11","10"
"6110","1","C","5","16","F","11","10"
"6111","1","C","8","16","F","11","10"
"6112","2","C","2","16","F","11","10"
"6113","2","C","5","16","F","11","10"
"6114","2","C","8","16","F","11","10"
"6115","2","C","11","16","F","11","10"
"6116","1","C","2","16","G","11","10"
"6117","1","C","5","16","G","11","10"
"6118","1","C","11","16","G","11","10"
"6119","2","C","2","16","G","11","10"
"6120","2","C","5","16","G","11","10"
"6121","2","C","8","16","G","11","10"
"6122","2","C","11","16","G","11","10"
"6123","1","C","2","16","H","11","10"
"6124","1","C","8","16","H","11","10"
"6125","1","C","11","16","H","11","10"
"6126","2","C","2","16","H","11","10"
"6127","2","C","5","16","H","11","10"
"6128","2","C","8","16","H","11","10"
"6129","2","C","11","16","H","11","10"
"6130","1","C","5","16","A","12","10"
"6131","1","C","8","16","A","12","10"
"6132","1","C","11","16","A","12","10"
"6133","2","C","2","16","A","12","10"
"6134","2","C","5","16","A","12","10"
"6135","2","C","8","16","A","12","10"
"6136","2","C","11","16","A","12","10"
"6137","1","C","2","16","B","12","10"
"6138","1","C","5","16","B","12","10"
"6139","1","C","8","16","B","12","10"
"6140","1","C","11","16","B","12","10"
"6141","2","C","2","16","B","12","10"
"6142","2","C","5","16","B","12","10"
"6143","2","C","8","16","B","12","10"
"6144","2","C","11","16","B","12","10"
"6145","1","C","2","16","C","12","10"
"6146","1","C","5","16","D","12","10"
"6147","1","C","8","16","E","12","10"
"6148","1","C","11","16","F","12","10"
"6149","2","C","2","16","G","12","10"
"6150","2","C","5","16","H","12","10"
"6151","2","C","8","17","A","1","10"
"6152","2","C","11","17","B","1","10"
"6153","1","C","2","17","C","1","10"
"6154","1","C","5","17","C","1","10"
"6155","1","C","2","17","D","1","10"
"6156","1","C","8","17","D","1","10"
"6157","1","C","2","17","E","1","10"
"6158","1","C","11","17","E","1","10"
"6159","1","C","2","17","F","1","10"
"6160","2","C","2","17","F","1","10"
"6161","1","C","2","17","G","1","10"
"6162","2","C","5","17","G","1","10"
"6163","1","C","2","17","H","1","10"
"6164","2","C","8","17","H","1","10"
"6165","1","C","2","17","A","2","10"
"6166","2","C","11","17","A","2","10"
"6167","1","C","5","17","B","2","10"
"6168","1","C","8","17","B","2","10"
"6169","1","C","5","17","C","2","10"
"6170","1","C","11","17","C","2","10"
"6171","1","C","5","17","D","2","10"
"6172","2","C","2","17","D","2","10"
"6173","1","C","5","17","E","2","10"
"6174","2","C","5","17","E","2","10"
"6175","1","C","5","17","F","2","10"
"6176","2","C","8","17","F","2","10"
"6177","1","C","5","17","G","2","10"
"6178","2","C","11","17","G","2","10"
"6179","1","C","8","17","H","2","10"
"6180","1","C","11","17","H","2","10"
"6181","1","C","8","17","A","3","10"
"6182","2","C","2","17","A","3","10"
"6183","1","C","8","17","B","3","10"
"6184","2","C","5","17","B","3","10"
"6185","1","C","8","17","C","3","10"
"6186","2","C","8","17","C","3","10"
"6187","1","C","8","17","D","3","10"
"6188","2","C","11","17","D","3","10"
"6189","1","C","11","17","E","3","10"
"6190","2","C","2","17","E","3","10"
"6191","1","C","11","17","F","3","10"
"6192","2","C","5","17","F","3","10"
"6193","1","C","11","17","G","3","10"
"6194","2","C","8","17","G","3","10"
"6195","1","C","11","17","H","3","10"
"6196","2","C","11","17","H","3","10"
"6197","2","C","2","17","A","4","10"
"6198","2","C","5","17","A","4","10"
"6199","2","C","2","17","B","4","10"
"6200","2","C","8","17","B","4","10"
"6201","2","C","2","17","C","4","10"
"6202","2","C","11","17","C","4","10"
"6203","2","C","5","17","D","4","10"
"6204","2","C","8","17","D","4","10"
"6205","2","C","5","17","E","4","10"
"6206","2","C","11","17","E","4","10"
"6207","2","C","8","17","F","4","10"
"6208","2","C","11","17","F","4","10"
"6209","1","C","2","17","G","4","10"
"6210","1","C","5","17","G","4","10"
"6211","1","C","8","17","G","4","10"
"6212","1","C","2","17","H","4","10"
"6213","1","C","5","17","H","4","10"
"6214","1","C","11","17","H","4","10"
"6215","1","C","2","17","A","5","10"
"6216","1","C","5","17","A","5","10"
"6217","2","C","2","17","A","5","10"
"6218","1","C","2","17","B","5","10"
"6219","1","C","5","17","B","5","10"
"6220","2","C","5","17","B","5","10"
"6221","1","C","2","17","C","5","10"
"6222","1","C","5","17","C","5","10"
"6223","2","C","8","17","C","5","10"
"6224","1","C","2","17","D","5","10"
"6225","1","C","5","17","D","5","10"
"6226","2","C","11","17","D","5","10"
"6227","1","C","2","17","E","5","10"
"6228","1","C","8","17","E","5","10"
"6229","1","C","11","17","E","5","10"
"6230","1","C","2","17","F","5","10"
"6231","1","C","8","17","F","5","10"
"6232","2","C","2","17","F","5","10"
"6233","1","C","2","17","G","5","10"
"6234","1","C","8","17","G","5","10"
"6235","2","C","5","17","G","5","10"
"6236","1","C","2","17","H","5","10"
"6237","1","C","8","17","H","5","10"
"6238","2","C","8","17","H","5","10"
"6239","1","C","2","17","A","6","10"
"6240","1","C","8","17","A","6","10"
"6241","2","C","11","17","A","6","10"
"6242","1","C","2","17","B","6","10"
"6243","1","C","11","17","B","6","10"
"6244","2","C","2","17","B","6","10"
"6245","1","C","2","17","C","6","10"
"6246","1","C","11","17","C","6","10"
"6247","2","C","5","17","C","6","10"
"6248","1","C","2","17","D","6","10"
"6249","1","C","11","17","D","6","10"
"6250","2","C","8","17","D","6","10"
"6251","1","C","2","17","E","6","10"
"6252","1","C","11","17","E","6","10"
"6253","2","C","11","17","E","6","10"
"6254","1","C","2","17","F","6","10"
"6255","2","C","2","17","F","6","10"
"6256","2","C","5","17","F","6","10"
"6257","1","C","2","17","G","6","10"
"6258","2","C","2","17","G","6","10"
"6259","2","C","8","17","G","6","10"
"6260","1","C","2","17","H","6","10"
"6261","2","C","2","17","H","6","10"
"6262","2","C","11","17","H","6","10"
"6263","1","C","2","17","A","7","10"
"6264","2","C","5","17","A","7","10"
"6265","2","C","8","17","A","7","10"
"6266","1","C","2","17","B","7","10"
"6267","2","C","5","17","B","7","10"
"6268","2","C","11","17","B","7","10"
"6269","1","C","2","17","C","7","10"
"6270","2","C","8","17","C","7","10"
"6271","2","C","11","17","C","7","10"
"6272","1","C","5","17","D","7","10"
"6273","1","C","8","17","D","7","10"
"6274","1","C","11","17","D","7","10"
"6275","1","C","5","17","E","7","10"
"6276","1","C","8","17","E","7","10"
"6277","2","C","2","17","E","7","10"
"6278","1","C","5","17","F","7","10"
"6279","1","C","8","17","F","7","10"
"6280","2","C","5","17","F","7","10"
"6281","1","C","5","17","G","7","10"
"6282","1","C","8","17","G","7","10"
"6283","2","C","8","17","G","7","10"
"6284","1","C","5","17","H","7","10"
"6285","1","C","8","17","H","7","10"
"6286","2","C","11","17","H","7","10"
"6287","1","C","5","17","A","8","10"
"6288","1","C","11","17","A","8","10"
"6289","2","C","2","17","A","8","10"
"6290","1","C","5","17","B","8","10"
"6291","1","C","11","17","B","8","10"
"6292","2","C","5","17","B","8","10"
"6293","1","C","5","17","C","8","10"
"6294","1","C","11","17","C","8","10"
"6295","2","C","8","17","C","8","10"
"6296","1","C","5","17","D","8","10"
"6297","1","C","11","17","D","8","10"
"6298","2","C","11","17","D","8","10"
"6299","1","C","5","17","E","8","10"
"6300","2","C","2","17","E","8","10"
"6301","2","C","5","17","E","8","10"
"6302","1","C","5","17","F","8","10"
"6303","2","C","2","17","F","8","10"
"6304","2","C","8","17","F","8","10"
"6305","1","C","5","17","G","8","10"
"6306","2","C","2","17","G","8","10"
"6307","2","C","11","17","G","8","10"
"6308","1","C","5","17","H","8","10"
"6309","2","C","5","17","H","8","10"
"6310","2","C","8","17","H","8","10"
"6311","1","C","5","17","A","9","10"
"6312","2","C","5","17","A","9","10"
"6313","2","C","11","17","A","9","10"
"6314","1","C","5","17","B","9","10"
"6315","2","C","8","17","B","9","10"
"6316","2","C","11","17","B","9","10"
"6317","1","C","8","17","C","9","10"
"6318","1","C","11","17","C","9","10"
"6319","2","C","2","17","C","9","10"
"6320","1","C","8","17","D","9","10"
"6321","1","C","11","17","D","9","10"
"6322","2","C","5","17","D","9","10"
"6323","1","C","8","17","E","9","10"
"6324","1","C","11","17","E","9","10"
"6325","2","C","8","17","E","9","10"
"6326","1","C","8","17","F","9","10"
"6327","1","C","11","17","F","9","10"
"6328","2","C","11","17","F","9","10"
"6329","1","C","8","17","G","9","10"
"6330","2","C","2","17","G","9","10"
"6331","2","C","5","17","G","9","10"
"6332","1","C","8","17","H","9","10"
"6333","2","C","2","17","H","9","10"
"6334","2","C","8","17","H","9","10"
"6335","1","C","8","17","A","10","10"
"6336","2","C","2","17","A","10","10"
"6337","2","C","11","17","A","10","10"
"6338","1","C","8","17","B","10","10"
"6339","2","C","5","17","B","10","10"
"6340","2","C","8","17","B","10","10"
"6341","1","C","8","17","C","10","10"
"6342","2","C","5","17","C","10","10"
"6343","2","C","11","17","C","10","10"
"6344","1","C","8","17","D","10","10"
"6345","2","C","8","17","D","10","10"
"6346","2","C","11","17","D","10","10"
"6347","1","C","11","17","E","10","10"
"6348","2","C","2","17","E","10","10"
"6349","2","C","5","17","E","10","10"
"6350","1","C","11","17","F","10","10"
"6351","2","C","2","17","F","10","10"
"6352","2","C","8","17","F","10","10"
"6353","1","C","11","17","G","10","10"
"6354","2","C","2","17","G","10","10"
"6355","2","C","11","17","G","10","10"
"6356","1","C","11","17","H","10","10"
"6357","2","C","5","17","H","10","10"
"6358","2","C","8","17","H","10","10"
"6359","1","C","11","17","A","11","10"
"6360","2","C","5","17","A","11","10"
"6361","2","C","11","17","A","11","10"
"6362","1","C","11","17","B","11","10"
"6363","2","C","8","17","B","11","10"
"6364","2","C","11","17","B","11","10"
"6365","2","C","2","17","C","11","10"
"6366","2","C","5","17","C","11","10"
"6367","2","C","8","17","C","11","10"
"6368","2","C","2","17","D","11","10"
"6369","2","C","5","17","D","11","10"
"6370","2","C","11","17","D","11","10"
"6371","2","C","2","17","E","11","10"
"6372","2","C","8","17","E","11","10"
"6373","2","C","11","17","E","11","10"
"6374","2","C","5","17","F","11","10"
"6375","2","C","8","17","F","11","10"
"6376","2","C","11","17","F","11","10"
"6377","1","C","2","17","G","11","10"
"6378","1","C","5","17","G","11","10"
"6379","1","C","8","17","G","11","10"
"6380","1","C","11","17","G","11","10"
"6381","1","C","2","17","H","11","10"
"6382","1","C","5","17","H","11","10"
"6383","1","C","8","17","H","11","10"
"6384","2","C","2","17","H","11","10"
"6385","1","C","2","17","A","12","10"
"6386","1","C","5","17","A","12","10"
"6387","1","C","8","17","A","12","10"
"6388","2","C","5","17","A","12","10"
"6389","1","C","2","17","B","12","10"
"6390","1","C","5","17","B","12","10"
"6391","1","C","8","17","B","12","10"
"6392","2","C","8","17","B","12","10"
"6393","1","C","2","17","C","12","10"
"6394","1","C","5","17","C","12","10"
"6395","1","C","8","17","C","12","10"
"6396","2","C","11","17","C","12","10"
"6397","1","C","2","17","D","12","10"
"6398","1","C","5","17","D","12","10"
"6399","1","C","11","17","D","12","10"
"6400","2","C","2","17","D","12","10"
"6401","1","C","2","17","E","12","10"
"6402","1","C","5","17","E","12","10"
"6403","1","C","11","17","E","12","10"
"6404","2","C","5","17","E","12","10"
"6405","1","C","2","17","F","12","10"
"6406","1","C","5","17","F","12","10"
"6407","1","C","11","17","F","12","10"
"6408","2","C","8","17","F","12","10"
"6409","1","C","2","17","G","12","10"
"6410","1","C","5","17","G","12","10"
"6411","1","C","11","17","G","12","10"
"6412","2","C","11","17","G","12","10"
"6413","1","C","2","17","H","12","10"
"6414","1","C","5","17","H","12","10"
"6415","2","C","2","17","H","12","10"
"6416","2","C","5","17","H","12","10"
"6417","1","C","2","18","A","1","10"
"6418","1","C","5","18","A","1","10"
"6419","2","C","2","18","A","1","10"
"6420","2","C","8","18","A","1","10"
"6421","1","C","2","18","B","1","10"
"6422","1","C","5","18","B","1","10"
"6423","2","C","2","18","B","1","10"
"6424","2","C","11","18","B","1","10"
"6425","1","C","2","18","C","1","10"
"6426","1","C","5","18","C","1","10"
"6427","2","C","5","18","C","1","10"
"6428","2","C","8","18","C","1","10"
"6429","1","C","2","18","D","1","10"
"6430","1","C","5","18","D","1","10"
"6431","2","C","5","18","D","1","10"
"6432","2","C","11","18","D","1","10"
"6433","1","C","2","18","E","1","10"
"6434","1","C","5","18","E","1","10"
"6435","2","C","8","18","E","1","10"
"6436","2","C","11","18","E","1","10"
"6437","1","C","2","18","F","1","10"
"6438","1","C","8","18","F","1","10"
"6439","1","C","11","18","F","1","10"
"6440","2","C","2","18","F","1","10"
"6441","1","C","2","18","G","1","10"
"6442","1","C","8","18","G","1","10"
"6443","1","C","11","18","G","1","10"
"6444","2","C","5","18","G","1","10"
"6445","1","D","2","18","H","1","10"
"6446","1","C","8","18","H","1","10"
"6447","1","C","11","18","H","1","10"
"6448","2","C","8","18","H","1","10"
"6449","1","D","2","18","A","2","10"
"6450","1","C","8","18","A","2","10"
"6451","1","C","11","18","A","2","10"
"6452","2","C","11","18","A","2","10"
"6453","1","D","2","18","B","2","10"
"6454","1","C","8","18","B","2","10"
"6455","2","C","2","18","B","2","10"
"6456","2","C","5","18","B","2","10"
"6457","1","D","2","18","C","2","10"
"6458","1","C","8","18","C","2","10"
"6459","2","C","2","18","C","2","10"
"6460","2","C","8","18","C","2","10"
"6461","1","D","2","18","D","2","10"
"6462","1","C","8","18","D","2","10"
"6463","2","C","2","18","D","2","10"
"6464","2","C","11","18","D","2","10"
"6465","1","D","2","18","E","2","10"
"6466","1","C","8","18","E","2","10"
"6467","2","C","5","18","E","2","10"
"6468","2","C","8","18","E","2","10"
"6469","1","D","2","18","F","2","10"
"6470","1","C","8","18","F","2","10"
"6471","2","C","5","18","F","2","10"
"6472","2","C","11","18","F","2","10"
"6473","1","D","2","18","G","2","10"
"6474","1","C","8","18","G","2","10"
"6475","2","C","8","18","G","2","10"
"6476","2","C","11","18","G","2","10"
"6477","1","D","2","18","H","2","10"
"6478","1","C","11","18","H","2","10"
"6479","2","C","2","18","H","2","10"
"6480","2","C","5","18","H","2","10"
"6481","1","D","2","18","A","3","10"
"6482","1","C","11","18","A","3","10"
"6483","2","C","2","18","A","3","10"
"6484","2","C","8","18","A","3","10"
"6485","1","D","2","18","B","3","10"
"6486","1","C","11","18","B","3","10"
"6487","2","C","2","18","B","3","10"
"6488","2","C","11","18","B","3","10"
"6489","1","D","2","18","C","3","10"
"6490","1","C","11","18","C","3","10"
"6491","2","C","5","18","C","3","10"
"6492","2","C","8","18","C","3","10"
"6493","1","D","2","18","D","3","10"
"6494","1","C","11","18","D","3","10"
"6495","2","C","5","18","D","3","10"
"6496","2","C","11","18","D","3","10"
"6497","1","D","2","18","E","3","10"
"6498","1","C","11","18","E","3","10"
"6499","2","C","8","18","E","3","10"
"6500","2","C","11","18","E","3","10"
"6501","1","D","2","18","F","3","10"
"6502","2","C","2","18","F","3","10"
"6503","2","C","5","18","F","3","10"
"6504","2","C","8","18","F","3","10"
"6505","1","D","2","18","G","3","10"
"6506","2","C","2","18","G","3","10"
"6507","2","C","5","18","G","3","10"
"6508","2","C","11","18","G","3","10"
"6509","1","D","2","18","H","3","10"
"6510","2","C","2","18","H","3","10"
"6511","2","C","8","18","H","3","10"
"6512","2","C","11","18","H","3","10"
"6513","1","D","2","18","A","4","10"
"6514","2","C","5","18","A","4","10"
"6515","2","C","8","18","A","4","10"
"6516","2","C","11","18","A","4","10"
"6517","1","C","5","18","B","4","10"
"6518","1","C","8","18","B","4","10"
"6519","1","C","11","18","B","4","10"
"6520","2","C","2","18","B","4","10"
"6521","1","C","5","18","C","4","10"
"6522","1","C","8","18","C","4","10"
"6523","1","C","11","18","C","4","10"
"6524","2","C","5","18","C","4","10"
"6525","1","D","5","18","D","4","10"
"6526","1","D","8","18","D","4","10"
"6527","1","D","11","18","D","4","10"
"6528","2","C","8","18","D","4","10"
"6529","1","D","5","18","E","4","10"
"6530","1","D","8","18","E","4","10"
"6531","1","D","11","18","E","4","10"
"6532","2","C","11","18","E","4","10"
"6533","1","D","5","18","F","4","10"
"6534","1","D","8","18","F","4","10"
"6535","2","C","2","18","F","4","10"
"6536","2","C","5","18","F","4","10"
"6537","1","D","5","18","G","4","10"
"6538","1","D","8","18","G","4","10"
"6539","2","D","2","18","G","4","10"
"6540","2","C","8","18","G","4","10"
"6541","1","D","5","18","H","4","10"
"6542","1","D","8","18","H","4","10"
"6543","2","D","2","18","H","4","10"
"6544","2","C","11","18","H","4","10"
"6545","1","D","5","18","A","5","10"
"6546","1","D","8","18","A","5","10"
"6547","2","D","5","18","A","5","10"
"6548","2","D","8","18","A","5","10"
"6549","1","D","5","18","B","5","10"
"6550","1","D","8","18","B","5","10"
"6551","2","D","5","18","B","5","10"
"6552","2","D","11","18","B","5","10"
"6553","1","D","5","18","C","5","10"
"6554","1","D","8","18","C","5","10"
"6555","2","D","8","18","C","5","10"
"6556","2","D","11","18","C","5","10"
"6557","1","D","5","18","D","5","10"
"6558","1","D","11","18","D","5","10"
"6559","2","D","2","18","D","5","10"
"6560","2","D","5","18","D","5","10"
"6561","1","D","5","18","E","5","10"
"6562","1","D","11","18","E","5","10"
"6563","2","D","2","18","E","5","10"
"6564","2","D","8","18","E","5","10"
"6565","1","D","5","18","F","5","10"
"6566","1","D","11","18","F","5","10"
"6567","2","D","2","18","F","5","10"
"6568","2","D","11","18","F","5","10"
"6569","1","D","5","18","G","5","10"
"6570","1","D","11","18","G","5","10"
"6571","2","D","5","18","G","5","10"
"6572","2","D","8","18","G","5","10"
"6573","1","D","5","18","H","5","10"
"6574","1","D","11","18","H","5","10"
"6575","2","D","5","18","H","5","10"
"6576","2","D","11","18","H","5","10"
"6577","1","D","5","18","A","6","10"
"6578","1","D","11","18","A","6","10"
"6579","2","D","8","18","A","6","10"
"6580","2","D","11","18","A","6","10"
"6581","1","D","5","18","B","6","10"
"6582","2","D","2","18","B","6","10"
"6583","2","D","5","18","B","6","10"
"6584","2","D","8","18","B","6","10"
"6585","1","D","5","18","C","6","10"
"6586","2","D","2","18","C","6","10"
"6587","2","D","5","18","C","6","10"
"6588","2","D","11","18","C","6","10"
"6589","1","D","5","18","D","6","10"
"6590","2","D","2","18","D","6","10"
"6591","2","D","8","18","D","6","10"
"6592","2","D","11","18","D","6","10"
"6593","1","D","5","18","E","6","10"
"6594","2","D","5","18","E","6","10"
"6595","2","D","8","18","E","6","10"
"6596","2","D","11","18","E","6","10"
"6597","1","D","8","18","F","6","10"
"6598","1","D","11","18","F","6","10"
"6599","2","D","2","18","F","6","10"
"6600","2","D","5","18","F","6","10"
"6601","1","D","8","18","G","6","10"
"6602","1","D","11","18","G","6","10"
"6603","2","D","2","18","G","6","10"
"6604","2","D","8","18","G","6","10"
"6605","1","D","8","18","H","6","10"
"6606","1","D","11","18","H","6","10"
"6607","2","D","2","18","H","6","10"
"6608","2","D","11","18","H","6","10"
"6609","1","D","8","18","A","7","10"
"6610","1","D","11","18","A","7","10"
"6611","2","D","5","18","A","7","10"
"6612","2","D","8","18","A","7","10"
"6613","1","D","8","18","B","7","10"
"6614","1","D","11","18","B","7","10"
"6615","2","D","5","18","B","7","10"
"6616","2","D","11","18","B","7","10"
"6617","1","D","8","18","C","7","10"
"6618","1","D","11","18","C","7","10"
"6619","2","D","8","18","C","7","10"
"6620","2","D","11","18","C","7","10"
"6621","1","D","8","18","D","7","10"
"6622","2","D","2","18","D","7","10"
"6623","2","D","5","18","D","7","10"
"6624","2","D","8","18","D","7","10"
"6625","1","D","8","18","E","7","10"
"6626","2","D","2","18","E","7","10"
"6627","2","D","5","18","E","7","10"
"6628","2","D","11","18","E","7","10"
"6629","1","D","8","18","F","7","10"
"6630","2","D","2","18","F","7","10"
"6631","2","D","8","18","F","7","10"
"6632","2","D","11","18","F","7","10"
"6633","1","D","8","18","G","7","10"
"6634","2","D","5","18","G","7","10"
"6635","2","D","8","18","G","7","10"
"6636","2","D","11","18","G","7","10"
"6637","1","D","11","18","H","7","10"
"6638","2","D","2","18","H","7","10"
"6639","2","D","5","18","H","7","10"
"6640","2","D","8","18","H","7","10"
"6641","1","D","11","18","A","8","10"
"6642","2","D","2","18","A","8","10"
"6643","2","D","5","18","A","8","10"
"6644","2","D","11","18","A","8","10"
"6645","1","D","11","18","B","8","10"
"6646","2","D","2","18","B","8","10"
"6647","2","D","8","18","B","8","10"
"6648","2","D","11","18","B","8","10"
"6649","1","D","11","18","C","8","10"
"6650","2","D","5","18","C","8","10"
"6651","2","D","8","18","C","8","10"
"6652","2","D","11","18","C","8","10"
"6653","2","D","2","18","D","8","10"
"6654","2","D","5","18","D","8","10"
"6655","2","D","8","18","D","8","10"
"6656","2","D","11","18","D","8","10"
"6657","1","D","2","18","E","8","10"
"6658","1","D","5","18","E","8","10"
"6659","1","D","8","18","E","8","10"
"6660","1","D","11","18","E","8","10"
"6661","2","D","2","18","E","8","10"
"6662","1","D","2","18","F","8","10"
"6663","1","D","5","18","F","8","10"
"6664","1","D","8","18","F","8","10"
"6665","1","D","11","18","F","8","10"
"6666","2","D","5","18","F","8","10"
"6667","1","D","2","18","G","8","10"
"6668","1","D","5","18","G","8","10"
"6669","1","D","8","18","G","8","10"
"6670","1","D","11","18","G","8","10"
"6671","2","D","8","18","G","8","10"
"6672","1","D","2","18","H","8","10"
"6673","1","D","5","18","H","8","10"
"6674","1","D","8","18","H","8","10"
"6675","1","D","11","18","H","8","10"
"6676","2","D","11","18","H","8","10"
"6677","1","D","2","18","A","9","10"
"6678","1","D","5","18","A","9","10"
"6679","1","D","8","18","A","9","10"
"6680","2","D","2","18","A","9","10"
"6681","2","D","5","18","A","9","10"
"6682","1","D","2","18","B","9","10"
"6683","1","D","5","18","B","9","10"
"6684","1","D","8","18","B","9","10"
"6685","2","D","2","18","B","9","10"
"6686","2","D","8","18","B","9","10"
"6687","1","D","2","18","C","9","10"
"6688","1","D","5","18","C","9","10"
"6689","1","D","8","18","C","9","10"
"6690","2","D","2","18","C","9","10"
"6691","2","D","11","18","C","9","10"
"6692","1","D","2","18","D","9","10"
"6693","1","D","5","18","D","9","10"
"6694","1","D","8","18","D","9","10"
"6695","2","D","5","18","D","9","10"
"6696","2","D","8","18","D","9","10"
"6697","1","D","2","18","E","9","10"
"6698","1","D","5","18","E","9","10"
"6699","1","D","8","18","E","9","10"
"6700","2","D","5","18","E","9","10"
"6701","2","D","11","18","E","9","10"
"6702","1","D","2","18","F","9","10"
"6703","1","D","5","18","F","9","10"
"6704","1","D","8","18","F","9","10"
"6705","2","D","8","18","F","9","10"
"6706","2","D","11","18","F","9","10"
"6707","1","D","2","18","G","9","10"
"6708","1","D","5","18","G","9","10"
"6709","1","D","11","18","G","9","10"
"6710","2","D","2","18","G","9","10"
"6711","2","D","5","18","G","9","10"
"6712","1","D","2","18","H","9","10"
"6713","1","D","5","18","H","9","10"
"6714","1","D","11","18","H","9","10"
"6715","2","D","2","18","H","9","10"
"6716","2","D","8","18","H","9","10"
"6717","1","D","2","18","A","10","10"
"6718","1","D","5","18","A","10","10"
"6719","1","D","11","18","A","10","10"
"6720","2","D","2","18","A","10","10"
"6721","2","D","11","18","A","10","10"
"6722","1","D","2","18","B","10","10"
"6723","1","D","5","18","B","10","10"
"6724","1","D","11","18","B","10","10"
"6725","2","D","5","18","B","10","10"
"6726","2","D","8","18","B","10","10"
"6727","1","D","2","18","C","10","10"
"6728","1","D","5","18","C","10","10"
"6729","1","D","11","18","C","10","10"
"6730","2","D","5","18","C","10","10"
"6731","2","D","11","18","C","10","10"
"6732","1","D","2","18","D","10","10"
"6733","1","D","5","18","D","10","10"
"6734","1","D","11","18","D","10","10"
"6735","2","D","8","18","D","10","10"
"6736","2","D","11","18","D","10","10"
"6737","1","D","2","18","E","10","10"
"6738","1","D","5","18","E","10","10"
"6739","2","D","2","18","E","10","10"
"6740","2","D","5","18","E","10","10"
"6741","2","D","8","18","E","10","10"
"6742","1","D","2","18","F","10","10"
"6743","1","D","5","18","F","10","10"
"6744","2","D","2","18","F","10","10"
"6745","2","D","5","18","F","10","10"
"6746","2","D","11","18","F","10","10"
"6747","1","D","2","18","G","10","10"
"6748","1","D","5","18","G","10","10"
"6749","2","D","2","18","G","10","10"
"6750","2","D","8","18","G","10","10"
"6751","2","D","11","18","G","10","10"
"6752","1","D","2","18","H","10","10"
"6753","1","D","5","18","H","10","10"
"6754","2","D","5","18","H","10","10"
"6755","2","D","8","18","H","10","10"
"6756","2","D","11","18","H","10","10"
"6757","1","D","2","18","A","11","10"
"6758","1","D","8","18","A","11","10"
"6759","1","D","11","18","A","11","10"
"6760","2","D","2","18","A","11","10"
"6761","2","D","5","18","A","11","10"
"6762","1","D","2","18","B","11","10"
"6763","1","D","8","18","B","11","10"
"6764","1","D","11","18","B","11","10"
"6765","2","D","2","18","B","11","10"
"6766","2","D","8","18","B","11","10"
"6767","1","D","2","18","C","11","10"
"6768","1","D","8","18","C","11","10"
"6769","1","D","11","18","C","11","10"
"6770","2","D","2","18","C","11","10"
"6771","2","D","11","18","C","11","10"
"6772","1","D","2","18","D","11","10"
"6773","1","D","8","18","D","11","10"
"6774","1","D","11","18","D","11","10"
"6775","2","D","5","18","D","11","10"
"6776","2","D","8","18","D","11","10"
"6777","1","D","2","18","E","11","10"
"6778","1","D","8","18","E","11","10"
"6779","1","D","11","18","E","11","10"
"6780","2","D","5","18","E","11","10"
"6781","2","D","11","18","E","11","10"
"6782","1","D","2","18","F","11","10"
"6783","1","D","8","18","F","11","10"
"6784","1","D","11","18","F","11","10"
"6785","2","D","8","18","F","11","10"
"6786","2","D","11","18","F","11","10"
"6787","1","D","2","18","G","11","10"
"6788","1","D","8","18","G","11","10"
"6789","2","D","2","18","G","11","10"
"6790","2","D","5","18","G","11","10"
"6791","2","D","8","18","G","11","10"
"6792","1","D","2","18","H","11","10"
"6793","1","D","8","18","H","11","10"
"6794","2","D","2","18","H","11","10"
"6795","2","D","5","18","H","11","10"
"6796","2","D","11","18","H","11","10"
"6797","1","D","2","18","A","12","10"
"6798","1","D","8","18","A","12","10"
"6799","2","D","2","18","A","12","10"
"6800","2","D","8","18","A","12","10"
"6801","2","D","11","18","A","12","10"
"6802","1","D","2","18","B","12","10"
"6803","1","D","8","18","B","12","10"
"6804","2","D","5","18","B","12","10"
"6805","2","D","8","18","B","12","10"
"6806","2","D","11","18","B","12","10"
"6807","1","D","2","18","C","12","10"
"6808","1","D","11","18","C","12","10"
"6809","2","D","2","18","C","12","10"
"6810","2","D","5","18","C","12","10"
"6811","2","D","8","18","C","12","10"
"6812","1","D","2","18","D","12","10"
"6813","1","D","11","18","D","12","10"
"6814","2","D","2","18","D","12","10"
"6815","2","D","5","18","D","12","10"
"6816","2","D","11","18","D","12","10"
"6817","1","D","2","18","E","12","10"
"6818","1","D","11","18","E","12","10"
"6819","2","D","2","18","E","12","10"
"6820","2","D","8","18","E","12","10"
"6821","2","D","11","18","E","12","10"
"6822","1","D","2","18","F","12","10"
"6823","1","D","11","18","F","12","10"
"6824","2","D","5","18","F","12","10"
"6825","2","D","8","18","F","12","10"
"6826","2","D","11","18","F","12","10"
"6827","1","D","2","18","G","12","10"
"6828","2","D","2","18","G","12","10"
"6829","2","D","5","18","G","12","10"
"6830","2","D","8","18","G","12","10"
"6831","2","D","11","18","G","12","10"
"6832","1","D","5","18","H","12","10"
"6833","1","D","8","18","H","12","10"
"6834","1","D","11","18","H","12","10"
"6835","2","D","2","18","H","12","10"
"6836","2","D","5","18","H","12","10"
"6837","1","D","5","19","A","1","10"
"6838","1","D","8","19","A","1","10"
"6839","1","D","11","19","A","1","10"
"6840","2","D","2","19","A","1","10"
"6841","2","D","8","19","A","1","10"
"6842","1","D","5","19","B","1","10"
"6843","1","D","8","19","B","1","10"
"6844","1","D","11","19","B","1","10"
"6845","2","D","2","19","B","1","10"
"6846","2","D","11","19","B","1","10"
"6847","1","D","5","19","C","1","10"
"6848","1","D","8","19","C","1","10"
"6849","1","D","11","19","C","1","10"
"6850","2","D","5","19","C","1","10"
"6851","2","D","8","19","C","1","10"
"6852","1","D","5","19","D","1","10"
"6853","1","D","8","19","D","1","10"
"6854","1","D","11","19","D","1","10"
"6855","2","D","5","19","D","1","10"
"6856","2","D","11","19","D","1","10"
"6857","1","D","5","19","E","1","10"
"6858","1","D","8","19","E","1","10"
"6859","1","D","11","19","E","1","10"
"6860","2","D","8","19","E","1","10"
"6861","2","D","11","19","E","1","10"
"6862","1","D","5","19","F","1","10"
"6863","1","D","8","19","F","1","10"
"6864","2","D","2","19","F","1","10"
"6865","2","D","5","19","F","1","10"
"6866","2","D","8","19","F","1","10"
"6867","1","D","5","19","G","1","10"
"6868","1","D","8","19","G","1","10"
"6869","2","D","2","19","G","1","10"
"6870","2","D","5","19","G","1","10"
"6871","2","D","11","19","G","1","10"
"6872","1","D","5","19","H","1","10"
"6873","1","D","8","19","H","1","10"
"6874","2","D","2","19","H","1","10"
"6875","2","D","8","19","H","1","10"
"6876","2","D","11","19","H","1","10"
"6877","1","D","5","19","A","2","10"
"6878","1","D","8","19","A","2","10"
"6879","2","D","5","19","A","2","10"
"6880","2","D","8","19","A","2","10"
"6881","2","D","11","19","A","2","10"
"6882","1","D","5","19","B","2","10"
"6883","1","D","11","19","B","2","10"
"6884","2","D","2","19","B","2","10"
"6885","2","D","5","19","B","2","10"
"6886","2","D","8","19","B","2","10"
"6887","1","D","5","19","C","2","10"
"6888","1","D","11","19","C","2","10"
"6889","2","D","2","19","C","2","10"
"6890","2","D","5","19","C","2","10"
"6891","2","D","11","19","C","2","10"
"6892","1","D","5","19","D","2","10"
"6893","1","D","11","19","D","2","10"
"6894","2","D","2","19","D","2","10"
"6895","2","D","8","19","D","2","10"
"6896","2","D","11","19","D","2","10"
"6897","1","D","5","19","E","2","10"
"6898","1","D","11","19","E","2","10"
"6899","2","D","5","19","E","2","10"
"6900","2","D","8","19","E","2","10"
"6901","2","D","11","19","E","2","10"
"6902","1","D","5","19","F","2","10"
"6903","2","D","2","19","F","2","10"
"6904","2","D","5","19","F","2","10"
"6905","2","D","8","19","F","2","10"
"6906","2","D","11","19","F","2","10"
"6907","1","D","8","19","G","2","10"
"6908","1","D","11","19","G","2","10"
"6909","2","D","2","19","G","2","10"
"6910","2","D","5","19","G","2","10"
"6911","2","D","8","19","G","2","10"
"6912","1","D","8","19","H","2","10"
"6913","1","D","11","19","H","2","10"
"6914","2","D","2","19","H","2","10"
"6915","2","D","5","19","H","2","10"
"6916","2","D","11","19","H","2","10"
"6917","1","D","8","19","A","3","10"
"6918","1","D","11","19","A","3","10"
"6919","2","D","2","19","A","3","10"
"6920","2","D","8","19","A","3","10"
"6921","2","D","11","19","A","3","10"
"6922","1","D","8","19","B","3","10"
"6923","1","D","11","19","B","3","10"
"6924","2","D","5","19","B","3","10"
"6925","2","D","8","19","B","3","10"
"6926","2","D","11","19","B","3","10"
"6927","1","D","8","19","C","3","10"
"6928","2","D","2","19","C","3","10"
"6929","2","D","5","19","C","3","10"
"6930","2","D","8","19","C","3","10"
"6931","2","D","11","19","C","3","10"
"6932","1","D","11","19","D","3","10"
"6933","2","D","2","19","D","3","10"
"6934","2","D","5","19","D","3","10"
"6935","2","D","8","19","D","3","10"
"6936","2","D","11","19","D","3","10"
"6937","1","D","2","19","E","3","10"
"6938","1","D","5","19","E","3","10"
"6939","1","D","8","19","E","3","10"
"6940","1","D","11","19","E","3","10"
"6941","2","D","2","19","E","3","10"
"6942","2","D","5","19","E","3","10"
"6943","1","D","2","19","F","3","10"
"6944","1","D","5","19","F","3","10"
"6945","1","D","8","19","F","3","10"
"6946","1","D","11","19","F","3","10"
"6947","2","D","2","19","F","3","10"
"6948","2","D","8","19","F","3","10"
"6949","1","D","2","19","G","3","10"
"6950","1","D","5","19","G","3","10"
"6951","1","D","8","19","G","3","10"
"6952","1","D","11","19","G","3","10"
"6953","2","D","2","19","G","3","10"
"6954","2","D","11","19","G","3","10"
"6955","1","D","2","19","H","3","10"
"6956","1","D","5","19","H","3","10"
"6957","1","D","8","19","H","3","10"
"6958","1","D","11","19","H","3","10"
"6959","2","D","5","19","H","3","10"
"6960","2","D","8","19","H","3","10"
"6961","1","D","2","19","A","4","10"
"6962","1","D","5","19","A","4","10"
"6963","1","D","8","19","A","4","10"
"6964","1","D","11","19","A","4","10"
"6965","2","D","5","19","A","4","10"
"6966","2","D","11","19","A","4","10"
"6967","1","D","2","19","B","4","10"
"6968","1","D","5","19","B","4","10"
"6969","1","D","8","19","B","4","10"
"6970","1","D","11","19","B","4","10"
"6971","2","D","8","19","B","4","10"
"6972","2","D","11","19","B","4","10"
"6973","1","D","2","19","C","4","10"
"6974","1","D","5","19","C","4","10"
"6975","1","D","8","19","C","4","10"
"6976","2","D","2","19","C","4","10"
"6977","2","D","5","19","C","4","10"
"6978","2","D","8","19","C","4","10"
"6979","1","D","2","19","D","4","10"
"6980","1","D","5","19","D","4","10"
"6981","1","D","8","19","D","4","10"
"6982","2","D","2","19","D","4","10"
"6983","2","D","5","19","D","4","10"
"6984","2","D","11","19","D","4","10"
"6985","1","D","2","19","E","4","10"
"6986","1","D","5","19","E","4","10"
"6987","1","D","8","19","E","4","10"
"6988","2","D","2","19","E","4","10"
"6989","2","D","8","19","E","4","10"
"6990","2","D","11","19","E","4","10"
"6991","1","D","2","19","F","4","10"
"6992","1","D","5","19","F","4","10"
"6993","1","D","8","19","F","4","10"
"6994","2","D","5","19","F","4","10"
"6995","2","D","8","19","F","4","10"
"6996","2","D","11","19","F","4","10"
"6997","1","D","2","19","G","4","10"
"6998","1","D","5","19","G","4","10"
"6999","1","D","11","19","G","4","10"
"7000","2","D","2","19","G","4","10"
"7001","2","D","5","19","G","4","10"
"7002","2","D","8","19","G","4","10"
"7003","1","D","2","19","H","4","10"
"7004","1","D","5","19","H","4","10"
"7005","1","D","11","19","H","4","10"
"7006","2","D","2","19","H","4","10"
"7007","2","D","5","19","H","4","10"
"7008","2","D","11","19","H","4","10"
"7009","1","D","2","19","A","5","10"
"7010","1","D","5","19","A","5","10"
"7011","1","D","11","19","A","5","10"
"7012","2","D","2","19","A","5","10"
"7013","2","D","8","19","A","5","10"
"7014","2","D","11","19","A","5","10"
"7015","1","D","2","19","B","5","10"
"7016","1","D","5","19","B","5","10"
"7017","1","D","11","19","B","5","10"
"7018","2","D","5","19","B","5","10"
"7019","2","D","8","19","B","5","10"
"7020","2","D","11","19","B","5","10"
"7021","1","D","2","19","C","5","10"
"7022","1","D","5","19","C","5","10"
"7023","2","D","2","19","C","5","10"
"7024","2","D","5","19","C","5","10"
"7025","2","D","8","19","C","5","10"
"7026","2","D","11","19","C","5","10"
"7027","1","D","2","19","D","5","10"
"7028","1","D","8","19","D","5","10"
"7029","1","D","11","19","D","5","10"
"7030","2","D","2","19","D","5","10"
"7031","2","D","5","19","D","5","10"
"7032","2","D","8","19","D","5","10"
"7033","1","D","2","19","E","5","10"
"7034","1","D","8","19","E","5","10"
"7035","1","D","11","19","E","5","10"
"7036","2","D","2","19","E","5","10"
"7037","2","D","5","19","E","5","10"
"7038","2","D","11","19","E","5","10"
"7039","1","D","2","19","F","5","10"
"7040","1","D","8","19","F","5","10"
"7041","1","D","11","19","F","5","10"
"7042","2","D","2","19","F","5","10"
"7043","2","D","8","19","F","5","10"
"7044","2","D","11","19","F","5","10"
"7045","1","D","2","19","G","5","10"
"7046","1","D","8","19","G","5","10"
"7047","1","D","11","19","G","5","10"
"7048","2","D","5","19","G","5","10"
"7049","2","D","8","19","G","5","10"
"7050","2","D","11","19","G","5","10"
"7051","1","D","2","19","H","5","10"
"7052","1","D","8","19","H","5","10"
"7053","2","D","2","19","H","5","10"
"7054","2","D","5","19","H","5","10"
"7055","2","D","8","19","H","5","10"
"7056","2","D","11","19","H","5","10"
"7057","1","D","2","19","A","6","10"
"7058","1","D","11","19","A","6","10"
"7059","2","D","2","19","A","6","10"
"7060","2","D","5","19","A","6","10"
"7061","2","D","8","19","A","6","10"
"7062","2","D","11","19","A","6","10"
"7063","1","D","5","19","B","6","10"
"7064","1","D","8","19","B","6","10"
"7065","1","D","11","19","B","6","10"
"7066","2","D","2","19","B","6","10"
"7067","2","D","5","19","B","6","10"
"7068","2","D","8","19","B","6","10"
"7069","1","D","5","19","C","6","10"
"7070","1","D","8","19","C","6","10"
"7071","1","D","11","19","C","6","10"
"7072","2","D","2","19","C","6","10"
"7073","2","D","5","19","C","6","10"
"7074","2","D","11","19","C","6","10"
"7075","1","D","5","19","D","6","10"
"7076","1","D","8","19","D","6","10"
"7077","1","D","11","19","D","6","10"
"7078","2","D","2","19","D","6","10"
"7079","2","D","8","19","D","6","10"
"7080","2","D","11","19","D","6","10"
"7081","1","D","5","19","E","6","10"
"7082","1","D","8","19","E","6","10"
"7083","1","D","11","19","E","6","10"
"7084","2","D","5","19","E","6","10"
"7085","2","D","8","19","E","6","10"
"7086","2","D","11","19","E","6","10"
"7087","1","D","5","19","F","6","10"
"7088","1","D","8","19","F","6","10"
"7089","2","D","2","19","F","6","10"
"7090","2","D","5","19","F","6","10"
"7091","2","D","8","19","F","6","10"
"7092","2","D","11","19","F","6","10"
"7093","1","D","5","19","G","6","10"
"7094","1","D","11","19","G","6","10"
"7095","2","D","2","19","G","6","10"
"7096","2","D","5","19","G","6","10"
"7097","2","D","8","19","G","6","10"
"7098","2","D","11","19","G","6","10"
"7099","1","D","8","19","H","6","10"
"7100","1","D","11","19","H","6","10"
"7101","2","D","2","19","H","6","10"
"7102","2","D","5","19","H","6","10"
"7103","2","D","8","19","H","6","10"
"7104","2","D","11","19","H","6","10"
"7105","1","E","2","19","A","7","10"
"7106","1","E","5","19","A","7","10"
"7107","1","E","8","19","A","7","10"
"7108","1","E","11","19","A","7","10"
"7109","2","E","2","19","A","7","10"
"7110","2","E","5","19","A","7","10"
"7111","2","E","8","19","A","7","10"
"7112","1","E","2","19","B","7","10"
"7113","1","E","5","19","B","7","10"
"7114","1","E","8","19","B","7","10"
"7115","1","E","11","19","B","7","10"
"7116","2","E","2","19","B","7","10"
"7117","2","E","5","19","B","7","10"
"7118","2","E","11","19","B","7","10"
"7119","1","E","2","19","C","7","10"
"7120","1","E","5","19","C","7","10"
"7121","1","E","8","19","C","7","10"
"7122","1","E","11","19","C","7","10"
"7123","2","E","2","19","C","7","10"
"7124","2","E","8","19","C","7","10"
"7125","2","E","11","19","C","7","10"
"7126","1","E","2","19","D","7","10"
"7127","1","E","5","19","D","7","10"
"7128","1","E","8","19","D","7","10"
"7129","1","E","11","19","D","7","10"
"7130","2","E","5","19","D","7","10"
"7131","2","E","8","19","D","7","10"
"7132","2","E","11","19","D","7","10"
"7133","1","E","2","19","E","7","10"
"7134","1","E","5","19","E","7","10"
"7135","1","E","8","19","E","7","10"
"7136","2","E","2","19","E","7","10"
"7137","2","E","5","19","E","7","10"
"7138","2","E","8","19","E","7","10"
"7139","2","E","11","19","E","7","10"
"7140","1","E","2","19","F","7","10"
"7141","1","E","5","19","F","7","10"
"7142","1","E","11","19","F","7","10"
"7143","2","E","2","19","F","7","10"
"7144","2","E","5","19","F","7","10"
"7145","2","E","8","19","F","7","10"
"7146","2","E","11","19","F","7","10"
"7147","1","E","2","19","G","7","10"
"7148","1","E","8","19","G","7","10"
"7149","1","E","11","19","G","7","10"
"7150","2","E","2","19","G","7","10"
"7151","2","E","5","19","G","7","10"
"7152","2","E","8","19","G","7","10"
"7153","2","E","11","19","G","7","10"
"7154","1","E","5","19","H","7","10"
"7155","1","E","8","19","H","7","10"
"7156","1","E","11","19","H","7","10"
"7157","2","E","2","19","H","7","10"
"7158","2","E","5","19","H","7","10"
"7159","2","E","8","19","H","7","10"
"7160","2","E","11","19","H","7","10"
"7161","1","E","2","19","A","8","10"
"7162","1","E","5","19","A","8","10"
"7163","1","E","8","19","A","8","10"
"7164","1","E","11","19","A","8","10"
"7165","2","E","2","19","A","8","10"
"7166","2","E","5","19","A","8","10"
"7167","2","E","8","19","A","8","10"
"7168","2","E","11","19","A","8","10"
"7169","1","E","2","19","B","8","10"
"7170","1","E","5","19","C","8","10"
"7171","1","E","8","19","D","8","10"
"7172","1","E","11","19","E","8","10"
"7173","2","E","2","19","F","8","10"
"7174","2","E","5","19","G","8","10"
"7175","2","E","8","19","H","8","10"
"7176","2","E","11","19","A","9","10"
"7177","1","E","2","19","B","9","10"
"7178","1","E","5","19","B","9","10"
"7179","1","E","2","19","C","9","10"
"7180","1","E","8","19","C","9","10"
"7181","1","E","2","19","D","9","10"
"7182","1","E","11","19","D","9","10"
"7183","1","E","2","19","E","9","10"
"7184","2","E","2","19","E","9","10"
"7185","1","E","2","19","F","9","10"
"7186","2","E","5","19","F","9","10"
"7187","1","E","2","19","G","9","10"
"7188","2","E","8","19","G","9","10"
"7189","1","E","2","19","H","9","10"
"7190","2","E","11","19","H","9","10"
"7191","1","E","5","19","A","10","10"
"7192","1","E","8","19","A","10","10"
"7193","1","E","5","19","B","10","10"
"7194","1","E","11","19","B","10","10"
"7195","1","E","5","19","C","10","10"
"7196","2","E","2","19","C","10","10"
"7197","1","E","5","19","D","10","10"
"7198","2","E","5","19","D","10","10"
"7199","1","E","5","19","E","10","10"
"7200","2","E","8","19","E","10","10"
"7201","1","E","5","19","F","10","10"
"7202","2","E","11","19","F","10","10"
"7203","1","E","8","19","G","10","10"
"7204","1","E","11","19","G","10","10"
"7205","1","E","8","19","H","10","10"
"7206","2","E","2","19","H","10","10"
"7207","1","E","8","19","A","11","10"
"7208","2","E","5","19","A","11","10"
"7209","1","E","8","19","B","11","10"
"7210","2","E","8","19","B","11","10"
"7211","1","E","8","19","C","11","10"
"7212","2","E","11","19","C","11","10"
"7213","1","E","11","19","D","11","10"
"7214","2","E","2","19","D","11","10"
"7215","1","E","11","19","E","11","10"
"7216","2","E","5","19","E","11","10"
"7217","1","E","11","19","F","11","10"
"7218","2","E","8","19","F","11","10"
"7219","1","E","11","19","G","11","10"
"7220","2","E","11","19","G","11","10"
"7221","2","E","2","19","H","11","10"
"7222","2","E","5","19","H","11","10"
"7223","2","E","2","19","A","12","10"
"7224","2","E","8","19","A","12","10"
"7225","2","E","2","19","B","12","10"
"7226","2","E","11","19","B","12","10"
"7227","2","E","5","19","C","12","10"
"7228","2","E","8","19","C","12","10"
"7229","2","E","5","19","D","12","10"
"7230","2","E","11","19","D","12","10"
"7231","2","E","8","19","E","12","10"
"7232","2","E","11","19","E","12","10"
"7233","1","E","2","19","F","12","10"
"7234","1","E","5","19","F","12","10"
"7235","1","E","8","19","F","12","10"
"7236","1","E","2","19","G","12","10"
"7237","1","E","5","19","G","12","10"
"7238","1","E","11","19","G","12","10"
"7239","1","E","2","19","H","12","10"
"7240","1","E","5","19","H","12","10"
"7241","2","E","2","19","H","12","10"
"7242","1","E","2","20","A","1","10"
"7243","1","E","5","20","A","1","10"
"7244","2","E","5","20","A","1","10"
"7245","1","E","2","20","B","1","10"
"7246","1","E","5","20","B","1","10"
"7247","2","E","8","20","B","1","10"
"7248","1","E","2","20","C","1","10"
"7249","1","E","5","20","C","1","10"
"7250","2","E","11","20","C","1","10"
"7251","1","E","2","20","D","1","10"
"7252","1","E","8","20","D","1","10"
"7253","1","E","11","20","D","1","10"
"7254","1","E","2","20","E","1","10"
"7255","1","E","8","20","E","1","10"
"7256","2","E","2","20","E","1","10"
"7257","1","E","2","20","F","1","10"
"7258","1","E","8","20","F","1","10"
"7259","2","E","5","20","F","1","10"
"7260","1","E","2","20","G","1","10"
"7261","1","E","8","20","G","1","10"
"7262","2","E","8","20","G","1","10"
"7263","1","E","2","20","H","1","10"
"7264","1","E","8","20","H","1","10"
"7265","2","E","11","20","H","1","10"
"7266","1","E","2","20","A","2","10"
"7267","1","E","11","20","A","2","10"
"7268","2","E","2","20","A","2","10"
"7269","1","E","2","20","B","2","10"
"7270","1","E","11","20","B","2","10"
"7271","2","E","5","20","B","2","10"
"7272","1","E","2","20","C","2","10"
"7273","1","E","11","20","C","2","10"
"7274","2","E","8","20","C","2","10"
"7275","1","E","2","20","D","2","10"
"7276","1","E","11","20","D","2","10"
"7277","2","E","11","20","D","2","10"
"7278","1","E","2","20","E","2","10"
"7279","2","E","2","20","E","2","10"
"7280","2","E","5","20","E","2","10"
"7281","1","E","2","20","F","2","10"
"7282","2","E","2","20","F","2","10"
"7283","2","E","8","20","F","2","10"
"7284","1","E","2","20","G","2","10"
"7285","2","E","2","20","G","2","10"
"7286","2","E","11","20","G","2","10"
"7287","1","E","2","20","H","2","10"
"7288","2","E","5","20","H","2","10"
"7289","2","E","8","20","H","2","10"
"7290","1","E","2","20","A","3","10"
"7291","2","E","5","20","A","3","10"
"7292","2","E","11","20","A","3","10"
"7293","1","E","2","20","B","3","10"
"7294","2","E","8","20","B","3","10"
"7295","2","E","11","20","B","3","10"
"7296","1","E","5","20","C","3","10"
"7297","1","E","8","20","C","3","10"
"7298","1","E","11","20","C","3","10"
"7299","1","E","5","20","D","3","10"
"7300","1","E","8","20","D","3","10"
"7301","2","E","2","20","D","3","10"
"7302","1","E","5","20","E","3","10"
"7303","1","E","8","20","E","3","10"
"7304","2","E","5","20","E","3","10"
"7305","1","E","5","20","F","3","10"
"7306","1","E","8","20","F","3","10"
"7307","2","E","8","20","F","3","10"
"7308","1","E","5","20","G","3","10"
"7309","1","E","8","20","G","3","10"
"7310","2","E","11","20","G","3","10"
"7311","1","E","5","20","H","3","10"
"7312","1","E","11","20","H","3","10"
"7313","2","E","2","20","H","3","10"
"7314","1","E","5","20","A","4","10"
"7315","1","E","11","20","A","4","10"
"7316","2","E","5","20","A","4","10"
"7317","1","E","5","20","B","4","10"
"7318","1","E","11","20","B","4","10"
"7319","2","E","8","20","B","4","10"
"7320","1","E","5","20","C","4","10"
"7321","1","E","11","20","C","4","10"
"7322","2","E","11","20","C","4","10"
"7323","1","E","5","20","D","4","10"
"7324","2","E","2","20","D","4","10"
"7325","2","E","5","20","D","4","10"
"7326","1","E","5","20","E","4","10"
"7327","2","E","2","20","E","4","10"
"7328","2","E","8","20","E","4","10"
"7329","1","E","5","20","F","4","10"
"7330","2","E","2","20","F","4","10"
"7331","2","E","11","20","F","4","10"
"7332","1","E","5","20","G","4","10"
"7333","2","E","5","20","G","4","10"
"7334","2","E","8","20","G","4","10"
"7335","1","E","5","20","H","4","10"
"7336","2","E","5","20","H","4","10"
"7337","2","E","11","20","H","4","10"
"7338","1","E","5","20","A","5","10"
"7339","2","E","8","20","A","5","10"
"7340","2","E","11","20","A","5","10"
"7341","1","E","8","20","B","5","10"
"7342","1","E","11","20","B","5","10"
"7343","2","E","2","20","B","5","10"
"7344","1","E","8","20","C","5","10"
"7345","1","E","11","20","C","5","10"
"7346","2","E","5","20","C","5","10"
"7347","1","E","8","20","D","5","10"
"7348","1","E","11","20","D","5","10"
"7349","2","E","8","20","D","5","10"
"7350","1","E","8","20","E","5","10"
"7351","1","E","11","20","E","5","10"
"7352","2","E","11","20","E","5","10"
"7353","1","E","8","20","F","5","10"
"7354","2","E","2","20","F","5","10"
"7355","2","E","5","20","F","5","10"
"7356","1","E","8","20","G","5","10"
"7357","2","E","2","20","G","5","10"
"7358","2","E","8","20","G","5","10"
"7359","1","E","8","20","H","5","10"
"7360","2","E","2","20","H","5","10"
"7361","2","E","11","20","H","5","10"
"7362","1","E","8","20","A","6","10"
"7363","2","E","5","20","A","6","10"
"7364","2","E","8","20","A","6","10"
"7365","1","E","8","20","B","6","10"
"7366","2","E","5","20","B","6","10"
"7367","2","E","11","20","B","6","10"
"7368","1","E","8","20","C","6","10"
"7369","2","E","8","20","C","6","10"
"7370","2","E","11","20","C","6","10"
"7371","1","E","11","20","D","6","10"
"7372","2","E","2","20","D","6","10"
"7373","2","E","5","20","D","6","10"
"7374","1","E","11","20","E","6","10"
"7375","2","E","2","20","E","6","10"
"7376","2","E","8","20","E","6","10"
"7377","1","E","11","20","F","6","10"
"7378","2","E","2","20","F","6","10"
"7379","2","E","11","20","F","6","10"
"7380","1","E","11","20","G","6","10"
"7381","2","E","5","20","G","6","10"
"7382","2","E","8","20","G","6","10"
"7383","1","E","11","20","H","6","10"
"7384","2","E","5","20","H","6","10"
"7385","2","E","11","20","H","6","10"
"7386","1","E","11","20","A","7","10"
"7387","2","E","8","20","A","7","10"
"7388","2","E","11","20","A","7","10"
"7389","2","E","2","20","B","7","10"
"7390","2","E","5","20","B","7","10"
"7391","2","E","8","20","B","7","10"
"7392","2","E","2","20","C","7","10"
"7393","2","E","5","20","C","7","10"
"7394","2","E","11","20","C","7","10"
"7395","2","E","2","20","D","7","10"
"7396","2","E","8","20","D","7","10"
"7397","2","E","11","20","D","7","10"
"7398","2","E","5","20","E","7","10"
"7399","2","E","8","20","E","7","10"
"7400","2","E","11","20","E","7","10"
"7401","1","E","2","20","F","7","10"
"7402","1","E","5","20","F","7","10"
"7403","1","E","8","20","F","7","10"
"7404","1","E","11","20","F","7","10"
"7405","1","E","2","20","G","7","10"
"7406","1","E","5","20","G","7","10"
"7407","1","E","8","20","G","7","10"
"7408","2","E","2","20","G","7","10"
"7409","1","E","2","20","H","7","10"
"7410","1","E","5","20","H","7","10"
"7411","1","E","8","20","H","7","10"
"7412","2","E","5","20","H","7","10"
"7413","1","E","2","20","A","8","10"
"7414","1","E","5","20","A","8","10"
"7415","1","E","8","20","A","8","10"
"7416","2","E","8","20","A","8","10"
"7417","1","E","2","20","B","8","10"
"7418","1","E","5","20","B","8","10"
"7419","1","E","8","20","B","8","10"
"7420","2","E","11","20","B","8","10"
"7421","1","E","2","20","C","8","10"
"7422","1","E","5","20","C","8","10"
"7423","1","E","11","20","C","8","10"
"7424","2","E","2","20","C","8","10"
"7425","1","E","2","20","D","8","10"
"7426","1","E","5","20","D","8","10"
"7427","1","E","11","20","D","8","10"
"7428","2","E","5","20","D","8","10"
"7429","1","E","2","20","E","8","10"
"7430","1","E","5","20","E","8","10"
"7431","1","E","11","20","E","8","10"
"7432","2","E","8","20","E","8","10"
"7433","1","E","2","20","F","8","10"
"7434","1","E","5","20","F","8","10"
"7435","1","E","11","20","F","8","10"
"7436","2","E","11","20","F","8","10"
"7437","1","E","2","20","G","8","10"
"7438","1","E","5","20","G","8","10"
"7439","2","E","2","20","G","8","10"
"7440","2","E","5","20","G","8","10"
"7441","1","E","2","20","H","8","10"
"7442","1","E","5","20","H","8","10"
"7443","2","E","2","20","H","8","10"
"7444","2","E","8","20","H","8","10"
"7445","1","E","2","20","A","9","10"
"7446","1","E","5","20","A","9","10"
"7447","2","E","2","20","A","9","10"
"7448","2","E","11","20","A","9","10"
"7449","1","E","2","20","B","9","10"
"7450","1","E","5","20","B","9","10"
"7451","2","E","5","20","B","9","10"
"7452","2","E","8","20","B","9","10"
"7453","1","E","2","20","C","9","10"
"7454","1","E","5","20","C","9","10"
"7455","2","E","5","20","C","9","10"
"7456","2","E","11","20","C","9","10"
"7457","1","E","2","20","D","9","10"
"7458","1","E","5","20","D","9","10"
"7459","2","E","8","20","D","9","10"
"7460","2","E","11","20","D","9","10"
"7461","1","E","2","20","E","9","10"
"7462","1","E","8","20","E","9","10"
"7463","1","E","11","20","E","9","10"
"7464","2","E","2","20","E","9","10"
"7465","1","E","2","20","F","9","10"
"7466","1","E","8","20","F","9","10"
"7467","1","E","11","20","F","9","10"
"7468","2","E","5","20","F","9","10"
"7469","1","E","2","20","G","9","10"
"7470","1","E","8","20","G","9","10"
"7471","1","E","11","20","G","9","10"
"7472","2","E","8","20","G","9","10"
"7473","1","E","2","20","H","9","10"
"7474","1","E","8","20","H","9","10"
"7475","1","E","11","20","H","9","10"
"7476","2","E","11","20","H","9","10"
"7477","1","E","2","20","A","10","10"
"7478","1","E","8","20","A","10","10"
"7479","2","E","2","20","A","10","10"
"7480","2","E","5","20","A","10","10"
"7481","1","E","2","20","B","10","10"
"7482","1","E","8","20","B","10","10"
"7483","2","E","2","20","B","10","10"
"7484","2","E","8","20","B","10","10"
"7485","1","E","2","20","C","10","10"
"7486","1","E","8","20","C","10","10"
"7487","2","E","2","20","C","10","10"
"7488","2","E","11","20","C","10","10"
"7489","1","E","2","20","D","10","10"
"7490","1","E","8","20","D","10","10"
"7491","2","E","5","20","D","10","10"
"7492","2","E","8","20","D","10","10"
"7493","1","E","2","20","E","10","10"
"7494","1","E","8","20","E","10","10"
"7495","2","E","5","20","E","10","10"
"7496","2","E","11","20","E","10","10"
"7497","1","E","2","20","F","10","10"
"7498","1","E","8","20","F","10","10"
"7499","2","E","8","20","F","10","10"
"7500","2","E","11","20","F","10","10"
"7501","1","E","2","20","G","10","10"
"7502","1","E","11","20","G","10","10"
"7503","2","E","2","20","G","10","10"
"7504","2","E","5","20","G","10","10"
"7505","1","E","2","20","H","10","10"
"7506","1","E","11","20","H","10","10"
"7507","2","E","2","20","H","10","10"
"7508","2","E","8","20","H","10","10"
"7509","1","E","2","20","A","11","10"
"7510","1","E","11","20","A","11","10"
"7511","2","E","2","20","A","11","10"
"7512","2","E","11","20","A","11","10"
"7513","1","E","2","20","B","11","10"
"7514","1","E","11","20","B","11","10"
"7515","2","E","5","20","B","11","10"
"7516","2","E","8","20","B","11","10"
"7517","1","E","2","20","C","11","10"
"7518","1","E","11","20","C","11","10"
"7519","2","E","5","20","C","11","10"
"7520","2","E","11","20","C","11","10"
"7521","1","E","2","20","D","11","10"
"7522","1","E","11","20","D","11","10"
"7523","2","E","8","20","D","11","10"
"7524","2","E","11","20","D","11","10"
"7525","1","E","2","20","E","11","10"
"7526","2","E","2","20","E","11","10"
"7527","2","E","5","20","E","11","10"
"7528","2","E","8","20","E","11","10"
"7529","1","E","2","20","F","11","10"
"7530","2","E","2","20","F","11","10"
"7531","2","E","5","20","F","11","10"
"7532","2","E","11","20","F","11","10"
"7533","1","E","2","20","G","11","10"
"7534","2","E","2","20","G","11","10"
"7535","2","E","8","20","G","11","10"
"7536","2","E","11","20","G","11","10"
"7537","1","E","2","20","H","11","10"
"7538","2","E","5","20","H","11","10"
"7539","2","E","8","20","H","11","10"
"7540","2","E","11","20","H","11","10"
"7541","1","E","5","20","A","12","10"
"7542","1","E","8","20","A","12","10"
"7543","1","E","11","20","A","12","10"
"7544","2","E","2","20","A","12","10"
"7545","1","E","5","20","B","12","10"
"7546","1","E","8","20","B","12","10"
"7547","1","E","11","20","B","12","10"
"7548","2","E","5","20","B","12","10"
"7549","1","E","5","20","C","12","10"
"7550","1","E","8","20","C","12","10"
"7551","1","E","11","20","C","12","10"
"7552","2","E","8","20","C","12","10"
"7553","1","E","5","20","D","12","10"
"7554","1","E","8","20","D","12","10"
"7555","1","E","11","20","D","12","10"
"7556","2","E","11","20","D","12","10"
"7557","1","E","5","20","E","12","10"
"7558","1","E","8","20","E","12","10"
"7559","2","E","2","20","E","12","10"
"7560","2","E","5","20","E","12","10"
"7561","1","E","5","20","F","12","10"
"7562","1","E","8","20","F","12","10"
"7563","2","E","2","20","F","12","10"
"7564","2","E","8","20","F","12","10"
"7565","1","E","5","20","G","12","10"
"7566","1","E","8","20","G","12","10"
"7567","2","E","2","20","G","12","10"
"7568","2","E","11","20","G","12","10"
"7569","1","E","5","20","H","12","10"
"7570","1","E","8","20","H","12","10"
"7571","2","E","5","20","H","12","10"
"7572","2","E","8","20","H","12","10"
"7573","1","E","5","21","A","1","10"
"7574","1","E","8","21","A","1","10"
"7575","2","E","5","21","A","1","10"
"7576","2","E","11","21","A","1","10"
"7577","1","E","5","21","B","1","10"
"7578","1","E","8","21","B","1","10"
"7579","2","E","8","21","B","1","10"
"7580","2","E","11","21","B","1","10"
"7581","1","E","5","21","C","1","10"
"7582","1","E","11","21","C","1","10"
"7583","2","E","2","21","C","1","10"
"7584","2","E","5","21","C","1","10"
"7585","1","E","5","21","D","1","10"
"7586","1","E","11","21","D","1","10"
"7587","2","E","2","21","D","1","10"
"7588","2","E","8","21","D","1","10"
"7589","1","E","5","21","E","1","10"
"7590","1","E","11","21","E","1","10"
"7591","2","E","2","21","E","1","10"
"7592","2","E","11","21","E","1","10"
"7593","1","E","5","21","F","1","10"
"7594","1","E","11","21","F","1","10"
"7595","2","E","5","21","F","1","10"
"7596","2","E","8","21","F","1","10"
"7597","1","E","5","21","G","1","10"
"7598","1","E","11","21","G","1","10"
"7599","2","E","5","21","G","1","10"
"7600","2","E","11","21","G","1","10"
"7601","1","E","5","21","H","1","10"
"7602","1","E","11","21","H","1","10"
"7603","2","E","8","21","H","1","10"
"7604","2","E","11","21","H","1","10"
"7605","1","E","5","21","A","2","10"
"7606","2","E","2","21","A","2","10"
"7607","2","E","5","21","A","2","10"
"7608","2","E","8","21","A","2","10"
"7609","1","E","5","21","B","2","10"
"7610","2","E","2","21","B","2","10"
"7611","2","E","5","21","B","2","10"
"7612","2","E","11","21","B","2","10"
"7613","1","E","5","21","C","2","10"
"7614","2","E","2","21","C","2","10"
"7615","2","E","8","21","C","2","10"
"7616","2","E","11","21","C","2","10"
"7617","1","E","5","21","D","2","10"
"7618","2","E","5","21","D","2","10"
"7619","2","E","8","21","D","2","10"
"7620","2","E","11","21","D","2","10"
"7621","1","E","8","21","E","2","10"
"7622","1","E","11","21","E","2","10"
"7623","2","E","2","21","E","2","10"
"7624","2","E","5","21","E","2","10"
"7625","1","E","8","21","F","2","10"
"7626","1","E","11","21","F","2","10"
"7627","2","E","2","21","F","2","10"
"7628","2","E","8","21","F","2","10"
"7629","1","E","8","21","G","2","10"
"7630","1","E","11","21","G","2","10"
"7631","2","E","2","21","G","2","10"
"7632","2","E","11","21","G","2","10"
"7633","1","E","8","21","H","2","10"
"7634","1","E","11","21","H","2","10"
"7635","2","E","5","21","H","2","10"
"7636","2","E","8","21","H","2","10"
"7637","1","E","8","21","A","3","10"
"7638","1","E","11","21","A","3","10"
"7639","2","E","5","21","A","3","10"
"7640","2","E","11","21","A","3","10"
"7641","1","E","8","21","B","3","10"
"7642","1","E","11","21","B","3","10"
"7643","2","E","8","21","B","3","10"
"7644","2","E","11","21","B","3","10"
"7645","1","E","8","21","C","3","10"
"7646","2","E","2","21","C","3","10"
"7647","2","E","5","21","C","3","10"
"7648","2","E","8","21","C","3","10"
"7649","1","E","8","21","D","3","10"
"7650","2","E","2","21","D","3","10"
"7651","2","E","5","21","D","3","10"
"7652","2","E","11","21","D","3","10"
"7653","1","E","8","21","E","3","10"
"7654","2","E","2","21","E","3","10"
"7655","2","E","8","21","E","3","10"
"7656","2","E","11","21","E","3","10"
"7657","1","E","8","21","F","3","10"
"7658","2","E","5","21","F","3","10"
"7659","2","E","8","21","F","3","10"
"7660","2","E","11","21","F","3","10"
"7661","1","E","11","21","G","3","10"
"7662","2","E","2","21","G","3","10"
"7663","2","E","5","21","G","3","10"
"7664","2","E","8","21","G","3","10"
"7665","1","E","11","21","H","3","10"
"7666","2","E","2","21","H","3","10"
"7667","2","E","5","21","H","3","10"
"7668","2","E","11","21","H","3","10"
"7669","1","E","11","21","A","4","10"
"7670","2","E","2","21","A","4","10"
"7671","2","E","8","21","A","4","10"
"7672","2","E","11","21","A","4","10"
"7673","1","E","11","21","B","4","10"
"7674","2","E","5","21","B","4","10"
"7675","2","E","8","21","B","4","10"
"7676","2","E","11","21","B","4","10"
"7677","2","E","2","21","C","4","10"
"7678","2","E","5","21","C","4","10"
"7679","2","E","8","21","C","4","10"
"7680","2","E","11","21","C","4","10"
"7681","1","E","2","21","D","4","10"
"7682","1","E","5","21","D","4","10"
"7683","1","E","8","21","D","4","10"
"7684","1","E","11","21","D","4","10"
"7685","2","E","2","21","D","4","10"
"7686","1","E","2","21","E","4","10"
"7687","1","E","5","21","E","4","10"
"7688","1","E","8","21","E","4","10"
"7689","1","E","11","21","E","4","10"
"7690","2","E","5","21","E","4","10"
"7691","1","F","2","21","F","4","10"
"7692","1","F","5","21","F","4","10"
"7693","1","F","8","21","F","4","10"
"7694","1","F","11","21","F","4","10"
"7695","2","E","8","21","F","4","10"
"7696","1","F","2","21","G","4","10"
"7697","1","F","5","21","G","4","10"
"7698","1","F","8","21","G","4","10"
"7699","1","F","11","21","G","4","10"
"7700","2","E","11","21","G","4","10"
"7701","1","F","2","21","H","4","10"
"7702","1","F","5","21","H","4","10"
"7703","1","F","8","21","H","4","10"
"7704","2","E","2","21","H","4","10"
"7705","2","E","5","21","H","4","10"
"7706","1","F","2","21","A","5","10"
"7707","1","F","5","21","A","5","10"
"7708","1","F","8","21","A","5","10"
"7709","2","F","2","21","A","5","10"
"7710","2","E","8","21","A","5","10"
"7711","1","F","2","21","B","5","10"
"7712","1","F","5","21","B","5","10"
"7713","1","F","8","21","B","5","10"
"7714","2","F","2","21","B","5","10"
"7715","2","E","11","21","B","5","10"
"7716","1","F","2","21","C","5","10"
"7717","1","F","5","21","C","5","10"
"7718","1","F","8","21","C","5","10"
"7719","2","F","5","21","C","5","10"
"7720","2","F","8","21","C","5","10"
"7721","1","F","2","21","D","5","10"
"7722","1","F","5","21","D","5","10"
"7723","1","F","8","21","D","5","10"
"7724","2","F","5","21","D","5","10"
"7725","2","F","11","21","D","5","10"
"7726","1","F","2","21","E","5","10"
"7727","1","F","5","21","E","5","10"
"7728","1","F","8","21","E","5","10"
"7729","2","F","8","21","E","5","10"
"7730","2","F","11","21","E","5","10"
"7731","1","F","2","21","F","5","10"
"7732","1","F","5","21","F","5","10"
"7733","1","F","11","21","F","5","10"
"7734","2","F","2","21","F","5","10"
"7735","2","F","5","21","F","5","10"
"7736","1","F","2","21","G","5","10"
"7737","1","F","5","21","G","5","10"
"7738","1","F","11","21","G","5","10"
"7739","2","F","2","21","G","5","10"
"7740","2","F","8","21","G","5","10"
"7741","1","F","2","21","H","5","10"
"7742","1","F","5","21","H","5","10"
"7743","1","F","11","21","H","5","10"
"7744","2","F","2","21","H","5","10"
"7745","2","F","11","21","H","5","10"
"7746","1","F","2","21","A","6","10"
"7747","1","F","5","21","A","6","10"
"7748","1","F","11","21","A","6","10"
"7749","2","F","5","21","A","6","10"
"7750","2","F","8","21","A","6","10"
"7751","1","F","2","21","B","6","10"
"7752","1","F","5","21","B","6","10"
"7753","1","F","11","21","B","6","10"
"7754","2","F","5","21","B","6","10"
"7755","2","F","11","21","B","6","10"
"7756","1","F","2","21","C","6","10"
"7757","1","F","5","21","C","6","10"
"7758","1","F","11","21","C","6","10"
"7759","2","F","8","21","C","6","10"
"7760","2","F","11","21","C","6","10"
"7761","1","F","2","21","D","6","10"
"7762","1","F","5","21","D","6","10"
"7763","2","F","2","21","D","6","10"
"7764","2","F","5","21","D","6","10"
"7765","2","F","8","21","D","6","10"
"7766","1","F","2","21","E","6","10"
"7767","1","F","5","21","E","6","10"
"7768","2","F","2","21","E","6","10"
"7769","2","F","5","21","E","6","10"
"7770","2","F","11","21","E","6","10"
"7771","1","F","2","21","F","6","10"
"7772","1","F","5","21","F","6","10"
"7773","2","F","2","21","F","6","10"
"7774","2","F","8","21","F","6","10"
"7775","2","F","11","21","F","6","10"
"7776","1","F","2","21","G","6","10"
"7777","1","F","5","21","G","6","10"
"7778","2","F","5","21","G","6","10"
"7779","2","F","8","21","G","6","10"
"7780","2","F","11","21","G","6","10"
"7781","1","F","2","21","H","6","10"
"7782","1","F","8","21","H","6","10"
"7783","1","F","11","21","H","6","10"
"7784","2","F","2","21","H","6","10"
"7785","2","F","5","21","H","6","10"
"7786","1","F","2","21","A","7","10"
"7787","1","F","8","21","A","7","10"
"7788","1","F","11","21","A","7","10"
"7789","2","F","2","21","A","7","10"
"7790","2","F","8","21","A","7","10"
"7791","1","F","2","21","B","7","10"
"7792","1","F","8","21","B","7","10"
"7793","1","F","11","21","B","7","10"
"7794","2","F","2","21","B","7","10"
"7795","2","F","11","21","B","7","10"
"7796","1","F","2","21","C","7","10"
"7797","1","F","8","21","C","7","10"
"7798","1","F","11","21","C","7","10"
"7799","2","F","5","21","C","7","10"
"7800","2","F","8","21","C","7","10"
"7801","1","F","2","21","D","7","10"
"7802","1","F","8","21","D","7","10"
"7803","1","F","11","21","D","7","10"
"7804","2","F","5","21","D","7","10"
"7805","2","F","11","21","D","7","10"
"7806","1","F","2","21","E","7","10"
"7807","1","F","8","21","E","7","10"
"7808","1","F","11","21","E","7","10"
"7809","2","F","8","21","E","7","10"
"7810","2","F","11","21","E","7","10"
"7811","1","F","2","21","F","7","10"
"7812","1","F","8","21","F","7","10"
"7813","2","F","2","21","F","7","10"
"7814","2","F","5","21","F","7","10"
"7815","2","F","8","21","F","7","10"
"7816","1","F","2","21","G","7","10"
"7817","1","F","8","21","G","7","10"
"7818","2","F","2","21","G","7","10"
"7819","2","F","5","21","G","7","10"
"7820","2","F","11","21","G","7","10"
"7821","1","F","2","21","H","7","10"
"7822","1","F","8","21","H","7","10"
"7823","2","F","2","21","H","7","10"
"7824","2","F","8","21","H","7","10"
"7825","2","F","11","21","H","7","10"
"7826","1","F","2","21","A","8","10"
"7827","1","F","8","21","A","8","10"
"7828","2","F","5","21","A","8","10"
"7829","2","F","8","21","A","8","10"
"7830","2","F","11","21","A","8","10"
"7831","1","F","2","21","B","8","10"
"7832","1","F","11","21","B","8","10"
"7833","2","F","2","21","B","8","10"
"7834","2","F","5","21","B","8","10"
"7835","2","F","8","21","B","8","10"
"7836","1","F","2","21","C","8","10"
"7837","1","F","11","21","C","8","10"
"7838","2","F","2","21","C","8","10"
"7839","2","F","5","21","C","8","10"
"7840","2","F","11","21","C","8","10"
"7841","1","F","2","21","D","8","10"
"7842","1","F","11","21","D","8","10"
"7843","2","F","2","21","D","8","10"
"7844","2","F","8","21","D","8","10"
"7845","2","F","11","21","D","8","10"
"7846","1","F","2","21","E","8","10"
"7847","1","F","11","21","E","8","10"
"7848","2","F","5","21","E","8","10"
"7849","2","F","8","21","E","8","10"
"7850","2","F","11","21","E","8","10"
"7851","1","F","2","21","F","8","10"
"7852","2","F","2","21","F","8","10"
"7853","2","F","5","21","F","8","10"
"7854","2","F","8","21","F","8","10"
"7855","2","F","11","21","F","8","10"
"7856","1","F","5","21","G","8","10"
"7857","1","F","8","21","G","8","10"
"7858","1","F","11","21","G","8","10"
"7859","2","F","2","21","G","8","10"
"7860","2","F","5","21","G","8","10"
"7861","1","F","5","21","H","8","10"
"7862","1","F","8","21","H","8","10"
"7863","1","F","11","21","H","8","10"
"7864","2","F","2","21","H","8","10"
"7865","2","F","8","21","H","8","10"
"7866","1","F","5","21","A","9","10"
"7867","1","F","8","21","A","9","10"
"7868","1","F","11","21","A","9","10"
"7869","2","F","2","21","A","9","10"
"7870","2","F","11","21","A","9","10"
"7871","1","F","5","21","B","9","10"
"7872","1","F","8","21","B","9","10"
"7873","1","F","11","21","B","9","10"
"7874","2","F","5","21","B","9","10"
"7875","2","F","8","21","B","9","10"
"7876","1","F","5","21","C","9","10"
"7877","1","F","8","21","C","9","10"
"7878","1","F","11","21","C","9","10"
"7879","2","F","5","21","C","9","10"
"7880","2","F","11","21","C","9","10"
"7881","1","F","5","21","D","9","10"
"7882","1","F","8","21","D","9","10"
"7883","1","F","11","21","D","9","10"
"7884","2","F","8","21","D","9","10"
"7885","2","F","11","21","D","9","10"
"7886","1","F","5","21","E","9","10"
"7887","1","F","8","21","E","9","10"
"7888","2","F","2","21","E","9","10"
"7889","2","F","5","21","E","9","10"
"7890","2","F","8","21","E","9","10"
"7891","1","F","5","21","F","9","10"
"7892","1","F","8","21","F","9","10"
"7893","2","F","2","21","F","9","10"
"7894","2","F","5","21","F","9","10"
"7895","2","F","11","21","F","9","10"
"7896","1","F","5","21","G","9","10"
"7897","1","F","8","21","G","9","10"
"7898","2","F","2","21","G","9","10"
"7899","2","F","8","21","G","9","10"
"7900","2","F","11","21","G","9","10"
"7901","1","F","5","21","H","9","10"
"7902","1","F","8","21","H","9","10"
"7903","2","F","5","21","H","9","10"
"7904","2","F","8","21","H","9","10"
"7905","2","F","11","21","H","9","10"
"7906","1","F","5","21","A","10","10"
"7907","1","F","11","21","A","10","10"
"7908","2","F","2","21","A","10","10"
"7909","2","F","5","21","A","10","10"
"7910","2","F","8","21","A","10","10"
"7911","1","F","5","21","B","10","10"
"7912","1","F","11","21","B","10","10"
"7913","2","F","2","21","B","10","10"
"7914","2","F","5","21","B","10","10"
"7915","2","F","11","21","B","10","10"
"7916","1","F","5","21","C","10","10"
"7917","1","F","11","21","C","10","10"
"7918","2","F","2","21","C","10","10"
"7919","2","F","8","21","C","10","10"
"7920","2","F","11","21","C","10","10"
"7921","1","F","5","21","D","10","10"
"7922","1","F","11","21","D","10","10"
"7923","2","F","5","21","D","10","10"
"7924","2","F","8","21","D","10","10"
"7925","2","F","11","21","D","10","10"
"7926","1","F","5","21","E","10","10"
"7927","2","F","2","21","E","10","10"
"7928","2","F","5","21","E","10","10"
"7929","2","F","8","21","E","10","10"
"7930","2","F","11","21","E","10","10"
"7931","1","F","8","21","F","10","10"
"7932","1","F","11","21","F","10","10"
"7933","2","F","2","21","F","10","10"
"7934","2","F","5","21","F","10","10"
"7935","2","F","8","21","F","10","10"
"7936","1","F","8","21","G","10","10"
"7937","1","F","11","21","G","10","10"
"7938","2","F","2","21","G","10","10"
"7939","2","F","5","21","G","10","10"
"7940","2","F","11","21","G","10","10"
"7941","1","F","8","21","H","10","10"
"7942","1","F","11","21","H","10","10"
"7943","2","F","2","21","H","10","10"
"7944","2","F","8","21","H","10","10"
"7945","2","F","11","21","H","10","10"
"7946","1","F","8","21","A","11","10"
"7947","1","F","11","21","A","11","10"
"7948","2","F","5","21","A","11","10"
"7949","2","F","8","21","A","11","10"
"7950","2","F","11","21","A","11","10"
"7951","1","F","8","21","B","11","10"
"7952","2","F","2","21","B","11","10"
"7953","2","F","5","21","B","11","10"
"7954","2","F","8","21","B","11","10"
"7955","2","F","11","21","B","11","10"
"7956","1","F","11","21","C","11","10"
"7957","2","F","2","21","C","11","10"
"7958","2","F","5","21","C","11","10"
"7959","2","F","8","21","C","11","10"
"7960","2","F","11","21","C","11","10"
"7961","1","F","2","21","D","11","10"
"7962","1","F","5","21","D","11","10"
"7963","1","F","8","21","D","11","10"
"7964","1","F","11","21","D","11","10"
"7965","2","F","2","21","D","11","10"
"7966","2","F","5","21","D","11","10"
"7967","1","F","2","21","E","11","10"
"7968","1","F","5","21","E","11","10"
"7969","1","F","8","21","E","11","10"
"7970","1","F","11","21","E","11","10"
"7971","2","F","2","21","E","11","10"
"7972","2","F","8","21","E","11","10"
"7973","1","F","2","21","F","11","10"
"7974","1","F","5","21","F","11","10"
"7975","1","F","8","21","F","11","10"
"7976","1","F","11","21","F","11","10"
"7977","2","F","2","21","F","11","10"
"7978","2","F","11","21","F","11","10"
"7979","1","F","2","21","G","11","10"
"7980","1","F","5","21","G","11","10"
"7981","1","F","8","21","G","11","10"
"7982","1","F","11","21","G","11","10"
"7983","2","F","5","21","G","11","10"
"7984","2","F","8","21","G","11","10"
"7985","1","F","2","21","H","11","10"
"7986","1","F","5","21","H","11","10"
"7987","1","F","8","21","H","11","10"
"7988","1","F","11","21","H","11","10"
"7989","2","F","5","21","H","11","10"
"7990","2","F","11","21","H","11","10"
"7991","1","F","2","21","A","12","10"
"7992","1","F","5","21","A","12","10"
"7993","1","F","8","21","A","12","10"
"7994","1","F","11","21","A","12","10"
"7995","2","F","8","21","A","12","10"
"7996","2","F","11","21","A","12","10"
"7997","1","F","2","21","B","12","10"
"7998","1","F","5","21","B","12","10"
"7999","1","F","8","21","B","12","10"
"8000","2","F","2","21","B","12","10"
"8001","2","F","5","21","B","12","10"
"8002","2","F","8","21","B","12","10"
"8003","1","F","2","21","C","12","10"
"8004","1","F","5","21","C","12","10"
"8005","1","F","8","21","C","12","10"
"8006","2","F","2","21","C","12","10"
"8007","2","F","5","21","C","12","10"
"8008","2","F","11","21","C","12","10"
"8009","1","F","2","21","D","12","10"
"8010","1","F","5","21","D","12","10"
"8011","1","F","8","21","D","12","10"
"8012","2","F","2","21","D","12","10"
"8013","2","F","8","21","D","12","10"
"8014","2","F","11","21","D","12","10"
"8015","1","F","2","21","E","12","10"
"8016","1","F","5","21","E","12","10"
"8017","1","F","8","21","E","12","10"
"8018","2","F","5","21","E","12","10"
"8019","2","F","8","21","E","12","10"
"8020","2","F","11","21","E","12","10"
"8021","1","F","2","21","F","12","10"
"8022","1","F","5","21","F","12","10"
"8023","1","F","11","21","F","12","10"
"8024","2","F","2","21","F","12","10"
"8025","2","F","5","21","F","12","10"
"8026","2","F","8","21","F","12","10"
"8027","1","F","2","21","G","12","10"
"8028","1","F","5","21","G","12","10"
"8029","1","F","11","21","G","12","10"
"8030","2","F","2","21","G","12","10"
"8031","2","F","5","21","G","12","10"
"8032","2","F","11","21","G","12","10"
"8033","1","F","2","21","H","12","10"
"8034","1","F","5","21","H","12","10"
"8035","1","F","11","21","H","12","10"
"8036","2","F","2","21","H","12","10"
"8037","2","F","8","21","H","12","10"
"8038","2","F","11","21","H","12","10"
"8039","1","F","2","22","A","1","10"
"8040","1","F","5","22","A","1","10"
"8041","1","F","11","22","A","1","10"
"8042","2","F","5","22","A","1","10"
"8043","2","F","8","22","A","1","10"
"8044","2","F","11","22","A","1","10"
"8045","1","F","2","22","B","1","10"
"8046","1","F","5","22","B","1","10"
"8047","2","F","2","22","B","1","10"
"8048","2","F","5","22","B","1","10"
"8049","2","F","8","22","B","1","10"
"8050","2","F","11","22","B","1","10"
"8051","1","F","2","22","C","1","10"
"8052","1","F","8","22","C","1","10"
"8053","1","F","11","22","C","1","10"
"8054","2","F","2","22","C","1","10"
"8055","2","F","5","22","C","1","10"
"8056","2","F","8","22","C","1","10"
"8057","1","F","2","22","D","1","10"
"8058","1","F","8","22","D","1","10"
"8059","1","F","11","22","D","1","10"
"8060","2","F","2","22","D","1","10"
"8061","2","F","5","22","D","1","10"
"8062","2","F","11","22","D","1","10"
"8063","1","F","2","22","E","1","10"
"8064","1","F","8","22","E","1","10"
"8065","1","F","11","22","E","1","10"
"8066","2","F","2","22","E","1","10"
"8067","2","F","8","22","E","1","10"
"8068","2","F","11","22","E","1","10"
"8069","1","F","2","22","F","1","10"
"8070","1","F","8","22","F","1","10"
"8071","1","F","11","22","F","1","10"
"8072","2","F","5","22","F","1","10"
"8073","2","F","8","22","F","1","10"
"8074","2","F","11","22","F","1","10"
"8075","1","F","2","22","G","1","10"
"8076","1","F","8","22","G","1","10"
"8077","2","F","2","22","G","1","10"
"8078","2","F","5","22","G","1","10"
"8079","2","F","8","22","G","1","10"
"8080","2","F","11","22","G","1","10"
"8081","1","F","2","22","H","1","10"
"8082","1","F","11","22","H","1","10"
"8083","2","F","2","22","H","1","10"
"8084","2","F","5","22","H","1","10"
"8085","2","F","8","22","H","1","10"
"8086","2","F","11","22","H","1","10"
"8087","1","F","5","22","A","2","10"
"8088","1","F","8","22","A","2","10"
"8089","1","F","11","22","A","2","10"
"8090","2","F","2","22","A","2","10"
"8091","2","F","5","22","A","2","10"
"8092","2","F","8","22","A","2","10"
"8093","1","F","5","22","B","2","10"
"8094","1","F","8","22","B","2","10"
"8095","1","F","11","22","B","2","10"
"8096","2","F","2","22","B","2","10"
"8097","2","F","5","22","B","2","10"
"8098","2","F","11","22","B","2","10"
"8099","1","F","5","22","C","2","10"
"8100","1","F","8","22","C","2","10"
"8101","1","F","11","22","C","2","10"
"8102","2","F","2","22","C","2","10"
"8103","2","F","8","22","C","2","10"
"8104","2","F","11","22","C","2","10"
"8105","1","F","5","22","D","2","10"
"8106","1","F","8","22","D","2","10"
"8107","1","F","11","22","D","2","10"
"8108","2","F","5","22","D","2","10"
"8109","2","F","8","22","D","2","10"
"8110","2","F","11","22","D","2","10"
"8111","1","F","5","22","E","2","10"
"8112","1","F","8","22","E","2","10"
"8113","2","F","2","22","E","2","10"
"8114","2","F","5","22","E","2","10"
"8115","2","F","8","22","E","2","10"
"8116","2","F","11","22","E","2","10"
"8117","1","F","5","22","F","2","10"
"8118","1","F","11","22","F","2","10"
"8119","2","F","2","22","F","2","10"
"8120","2","F","5","22","F","2","10"
"8121","2","F","8","22","F","2","10"
"8122","2","F","11","22","F","2","10"
"8123","1","F","8","22","G","2","10"
"8124","1","F","11","22","G","2","10"
"8125","2","F","2","22","G","2","10"
"8126","2","F","5","22","G","2","10"
"8127","2","F","8","22","G","2","10"
"8128","2","F","11","22","G","2","10"
"8129","1","F","2","22","H","2","10"
"8130","1","F","5","22","H","2","10"
"8131","1","F","8","22","H","2","10"
"8132","1","F","11","22","H","2","10"
"8133","2","F","2","22","H","2","10"
"8134","2","F","5","22","H","2","10"
"8135","2","F","8","22","H","2","10"
"8136","1","F","2","22","A","3","10"
"8137","1","F","5","22","A","3","10"
"8138","1","F","8","22","A","3","10"
"8139","1","F","11","22","A","3","10"
"8140","2","F","2","22","A","3","10"
"8141","2","F","5","22","A","3","10"
"8142","2","F","11","22","A","3","10"
"8143","1","F","2","22","B","3","10"
"8144","1","F","5","22","B","3","10"
"8145","1","F","8","22","B","3","10"
"8146","1","F","11","22","B","3","10"
"8147","2","F","2","22","B","3","10"
"8148","2","F","8","22","B","3","10"
"8149","2","F","11","22","B","3","10"
"8150","1","F","2","22","C","3","10"
"8151","1","F","5","22","C","3","10"
"8152","1","F","8","22","C","3","10"
"8153","1","F","11","22","C","3","10"
"8154","2","F","5","22","C","3","10"
"8155","2","F","8","22","C","3","10"
"8156","2","F","11","22","C","3","10"
"8157","1","F","2","22","D","3","10"
"8158","1","F","5","22","D","3","10"
"8159","1","F","8","22","D","3","10"
"8160","2","F","2","22","D","3","10"
"8161","2","F","5","22","D","3","10"
"8162","2","F","8","22","D","3","10"
"8163","2","F","11","22","D","3","10"
"8164","1","F","2","22","E","3","10"
"8165","1","F","5","22","E","3","10"
"8166","1","F","11","22","E","3","10"
"8167","2","F","2","22","E","3","10"
"8168","2","F","5","22","E","3","10"
"8169","2","F","8","22","E","3","10"
"8170","2","F","11","22","E","3","10"
"8171","1","F","2","22","F","3","10"
"8172","1","F","8","22","F","3","10"
"8173","1","F","11","22","F","3","10"
"8174","2","F","2","22","F","3","10"
"8175","2","F","5","22","F","3","10"
"8176","2","F","8","22","F","3","10"
"8177","2","F","11","22","F","3","10"
"8178","1","F","5","22","G","3","10"
"8179","1","F","8","22","G","3","10"
"8180","1","F","11","22","G","3","10"
"8181","2","F","2","22","G","3","10"
"8182","2","F","5","22","G","3","10"
"8183","2","F","8","22","G","3","10"
"8184","2","F","11","22","G","3","10"
"8185","1","F","2","22","H","3","10"
"8186","1","F","5","22","H","3","10"
"8187","1","F","8","22","H","3","10"
"8188","1","F","11","22","H","3","10"
"8189","2","F","2","22","H","3","10"
"8190","2","F","5","22","H","3","10"
"8191","2","F","8","22","H","3","10"
"8192","2","F","11","22","H","3","10"
